Flow Output (mL/min)
Min Radius: 1.6 mm
Max Radius: 1.6 mm
-98.160005113
-96.2875548346
-94.3978487773
-92.7811366186
-91.6228416556
-90.8836692499
-90.3109008577
-89.5544753305
-88.2975348765
-86.365319717
-83.83160967
-81.0951312071
-78.8246023742
-77.7110390671
-78.1075717424
-79.7221781737
-81.4736818961
-81.5228398902
-77.4692220147
-66.7315358171
-47.0893515483
-17.2506067438
22.7525975052
71.4649705762
126.197941189
183.430313307
239.346204882
290.433031076
334.015759973
368.582578409
393.825609362
410.438640754
419.785291878
423.53957397
423.35797887
420.62475936
416.313008769
410.980620789
404.864483874
397.993337982
390.254081285
381.406445716
371.088180791
358.846148283
344.190847427
326.658293177
305.887031107
281.730537151
254.386704827
224.474620508
192.998694527
161.214964976
130.468938682
102.047949558
77.0353294309
56.1589802893
39.6854150003
27.4225278097
18.8202323004
13.088358242
9.28040690125
6.37510880814
3.40160315713
-0.420824797702
-5.60510471399
-12.4004797465
-20.8170103967
-30.6232493016
-41.3552520673
-52.3984719746
-63.1237712939
-72.9900763496
-81.570045218
-88.5475348818
-93.7444945657
-97.1565525241
-98.9366570777
-99.3273280132
-98.6110375027
-97.1188377991
-95.2502266313
-93.437739027
-92.0629449285
-91.3897570774
-91.5483112056
-92.5372723573
-94.2131066828
-96.2930417697
-98.4179285556
-100.264556989
-101.638429018
-102.494303371
-102.89762571
-102.972178741
-102.853251993
-102.636681883
-102.328715447
-101.833203044
-101.005216307
-99.7489752304
