Flow Output (mL/min)
Min Radius: 1.5000025 mm
Max Radius: 1.75 mm
171.067184838
171.690948085
170.631596117
166.608799054
159.150767521
149.283371605
139.659847817
134.060644122
136.639913411
151.226849863
180.63452628
225.886859266
285.627517565
356.164507044
432.249848614
508.166555823
578.621391788
639.341059563
687.551593228
722.33543392
744.578862603
756.36948621
760.170277073
758.270607467
752.648568889
744.952537458
736.361884032
727.466757681
718.415222976
709.239093244
699.990236896
690.540127396
680.342406788
668.515477477
654.190553719
636.763958905
615.899808079
591.517685853
563.987803518
534.361568823
504.281079893
475.53900662
449.662310627
427.812443954
410.85501345
399.278782958
392.964413323
391.126743658
392.59175898
396.146205305
400.626385545
404.801387851
407.398841277
407.400004201
404.317638922
398.159911148
389.187343485
377.805463272
364.673355533
350.74272342
337.013832591
324.204643914
312.682957599
302.678899936
294.443137489
288.136133685
283.640462763
280.595466538
278.619508701
277.407480202
276.579917019
275.543240947
273.63847952
270.469370094
266.050238309
260.647148014
254.566315731
248.140306556
241.807894232
236.014719157
230.936012313
226.341898302
221.811003383
217.083416865
212.193364464
207.33021573
202.700059409
198.55769195
195.238081985
192.96801369
191.576479227
190.457748543
188.905094759
186.517121557
183.331431802
179.697688636
176.150179855
173.359811556
171.962198863
172.15065578
