Flow Output (mL/min)
Min Radius: 2.7000016667 mm
Max Radius: 2.8666666667 mm
-76.9418310948
-82.979314561
-89.0365001834
-94.2644503967
-97.9627871091
-100.119872346
-101.407607485
-102.771610985
-105.070850554
-108.911884528
-114.441296407
-121.017184466
-127.13992331
-131.030084611
-131.636471849
-129.35947013
-126.010581757
-124.168899154
-126.335302197
-133.979429387
-146.390481388
-159.622452809
-166.272819286
-156.598330276
-120.649635744
-50.5728490612
57.54148643
202.405791067
377.006260326
569.213949094
763.805034005
945.408084183
1101.30398344
1223.24529265
1308.19348123
1358.22785955
1379.66778311
1381.33330888
1372.3012765
1360.00771931
1349.36388575
1342.79605814
1340.64229484
1341.58469169
1343.23172603
1342.90372426
1338.26375273
1327.39924896
1308.49027522
1279.63829352
1239.18729512
1186.26879168
1121.12246052
1045.13866432
960.896824948
872.254604841
784.144905886
701.82057895
629.824537038
571.257251918
527.574974854
498.645501885
482.772630422
476.810513287
476.661009188
478.088572986
477.399205756
471.682661648
458.822565237
437.647635063
408.214600364
371.844888657
330.722042963
287.34081995
244.200620221
203.723728063
168.057904339
138.660204399
116.003370754
99.7294803476
89.082438777
83.1581316087
80.8249197852
80.6393099771
81.050401398
80.7256671894
78.6331283461
73.878998153
65.6871937811
53.7255358106
38.4612051815
21.1026848536
3.14621641906
-14.0416172842
-29.3541326276
-41.9965066852
-51.7108807376
-59.0003353008
-64.9525212755
-70.6400254394
