Flow Output (mL/min)
Min Radius: 5.7200008 mm
Max Radius: 5.8 mm
-1598.48495234
-1620.84777914
-1644.24124644
-1655.70581557
-1643.75560201
-1610.30196642
-1571.76241896
-1548.61817171
-1555.48349218
-1599.00364212
-1677.13593176
-1771.75223325
-1839.52736977
-1814.14444795
-1623.11727673
-1207.60027955
-533.205190536
407.019827307
1589.08885107
2953.75813267
4410.856769
5857.20798746
7199.19175904
8366.47451519
9314.16615963
10021.8220661
10495.0097557
10764.51727
10876.4174654
10876.4899825
10800.3702475
10674.634207
10521.6978032
10359.2706756
10195.2658755
10026.7551308
9846.03124472
9646.3971097
9420.34142354
9153.7325664
8826.12524227
8419.69806236
7927.93115936
7355.73886266
6714.39954021
6020.64489534
5301.13707641
4593.30099209
3936.55077255
3360.63881308
2882.09276974
2509.08058937
2244.50925016
2081.71836969
1999.94723593
1968.85949103
1959.37676379
1949.32180346
1919.84231009
1851.59051238
1729.24247297
1549.72038084
1322.83809571
1062.90472791
781.902119192
491.682633893
209.010051072
-46.8118966871
-262.660605501
-435.648328853
-567.581173989
-658.178766347
-706.609638344
-718.451519301
-707.24936891
-687.685058774
-669.273693017
-658.225442408
-662.894132049
-693.059656211
-752.582109964
-835.131124523
-929.097603042
-1025.68463018
-1120.69142888
-1210.06567747
-1287.82790175
-1350.4748001
-1401.44147006
-1448.10770989
-1493.90033694
-1535.04182106
-1565.56863603
-1583.67286285
-1591.70989083
-1591.75836648
-1584.55854764
-1573.69436429
-1567.92977612
-1575.9702399
