Flow Output (mL/min)
Min Radius: 2.9166685222 mm
Max Radius: 3.1022222222 mm
-266.161761262
-271.319312647
-275.039695661
-276.406958596
-274.264441687
-267.830146848
-257.344417434
-244.466380525
-232.165210159
-223.983679594
-222.753587607
-229.054732363
-239.859994245
-247.840884909
-241.695578037
-207.622707898
-131.757743389
-3.09974536413
183.727981214
426.55817683
715.113734807
1032.00422145
1355.12585162
1660.97243224
1928.15380216
2140.38498388
2288.35927289
2370.20618277
2390.57816923
2358.71543499
2286.03006141
2183.79020046
2061.37708624
1925.37628616
1779.51826748
1625.27331015
1462.7846076
1291.8106083
1112.42819603
925.382471278
732.107872952
534.546374603
334.926062075
135.635329651
-60.7461447002
-251.285985031
-432.502055044
-600.252634184
-749.818979651
-876.230679028
-974.810941358
-1041.84967232
-1075.26695655
-1075.12021074
-1043.8351595
-986.094629269
-908.385952952
-818.273328385
-723.513441576
-631.161427799
-546.814369504
-474.111484004
-414.560291042
-367.696524102
-331.523946328
-303.130330961
-279.348494888
-257.333578552
-234.959623104
-210.991083686
-185.043296372
-157.394120321
-128.734641761
-99.9440671214
-71.9450324446
-45.651357278
-21.9776028577
-1.85524245457
13.7970961056
24.1743114463
28.7411577837
27.3927052988
20.5506029299
9.13834886474
-5.58279074793
-22.283200508
-39.8600789089
-57.6599935061
-75.5486669647
-93.798458394
-112.829633377
-132.898208623
-153.848613689
-175.03097525
-195.423572895
-213.920961997
-229.678233166
-242.371328973
-252.257756424
-259.996043579
