Flow Output (mL/min)
Min Radius: 1.9800005 mm
Max Radius: 2.03 mm
-53.640760211
-60.4885027249
-67.3836309876
-73.9617788535
-79.8760691202
-84.9080715976
-89.0309436126
-92.3948403209
-95.2354731609
-97.7402201397
-99.9289841432
-101.608378886
-102.434376302
-102.07625118
-100.427670017
-97.7769990936
-94.8436936467
-92.6177372075
-91.999226382
-93.3085025889
-95.8000137149
-97.3422753323
-94.407401309
-82.4464629014
-56.6268003862
-12.8016178719
51.497968271
136.28706112
238.771510964
353.525671552
473.191006015
589.557652536
694.799375167
782.599139059
848.935905458
892.392465458
913.963383003
916.458360666
903.679159613
879.578412703
847.5831507
810.197333336
768.90972928
724.352717998
676.605463599
625.521930804
570.987948367
513.058843237
451.981534837
388.144880071
322.018404789
254.130427858
185.108729859
115.772517019
47.2364703646
-19.0243872655
-81.1931775245
-137.23425552
-185.111519655
-223.064031275
-249.88289124
-265.130037347
-269.251083817
-263.556529523
-250.072445992
-231.286734102
-209.835197514
-188.18023091
-168.333368675
-151.66262179
-138.808956814
-129.716557275
-123.761995149
-119.951401252
-117.144998719
-114.266848865
-110.464737343
-105.199282298
-98.2592112017
-89.7167807817
-79.8489749673
-69.0533174891
-57.7813554387
-46.5005039969
-35.6806336502
-25.7908647605
-17.2886119933
-10.5882669899
-6.00884557799
-3.71350160428
-3.66310689735
-5.60657119758
-9.12100792149
-13.6981007153
-18.8551896346
-24.237804074
-29.6799969901
-35.2011969852
-40.9397714396
-47.0465419241
