Flow Output (mL/min)
Min Radius: 6.1 mm
Max Radius: 6.1 mm
-2471.37587366
-2500.45122968
-2487.15967642
-2436.95960809
-2376.0278122
-2336.97295802
-2346.95849118
-2423.304249
-2566.72444713
-2746.4993108
-2889.31805983
-2887.84023395
-2627.91325488
-2016.82017055
-999.624201636
432.672820541
2235.26100861
4306.35547345
6500.89914703
8662.00042553
10654.0276512
12380.9563605
13789.7017836
14869.151534
15648.9592808
16190.8983244
16568.279991
16842.8866693
17054.1524281
17223.3227125
17361.0752796
17468.5406637
17535.1350772
17542.5166519
17474.4097587
17321.6119568
17076.2631322
16723.7295623
16244.3295412
15624.5777122
14865.5697172
13980.9938708
12991.7078477
11927.0113749
10830.1928902
9756.29689724
8758.3611483
7873.66493696
7121.97303218
6512.23374121
6044.57241128
5704.24707658
5458.8168737
5267.3406606
5094.07392052
4912.72071943
4700.55588547
4435.60844461
4104.36879876
3710.52428099
3271.98858653
2808.94219713
2337.3411021
1873.41278113
1438.34944002
1052.65879426
725.843935264
455.175917905
235.21426027
64.9742694409
-56.4197599656
-138.050123641
-196.645427607
-247.542725519
-299.623284222
-360.166191766
-440.509970371
-552.013400519
-696.0775487
-861.273238559
-1031.68056688
-1196.2333227
-1349.10378139
-1484.65061974
-1597.40356449
-1688.4551865
-1768.32348359
-1849.62463167
-1936.47970943
-2022.4771668
-2098.4076424
-2159.504919
-2204.83491088
-2233.59469886
-2246.74903535
-2252.68670732
-2267.02226415
-2302.53742711
-2358.3417756
-2419.69414067
