Flow Output (mL/min)
Min Radius: 1.54800064 mm
Max Radius: 1.612 mm
-28.981169031
-32.3684945268
-35.8687023843
-39.3230362415
-42.5380398589
-45.3474161265
-47.6655970044
-49.5099272311
-50.9800262078
-52.2003872261
-53.2490167327
-54.1039307651
-54.6359323966
-54.6599857847
-54.0333593752
-52.7649888536
-51.0866756069
-49.4398254589
-48.3531500101
-48.2222178665
-49.0404768817
-50.1603581199
-50.1709973389
-46.9603621921
-37.986677099
-20.7275393287
6.77917452838
45.4241843699
94.6721553027
152.461248978
215.397892785
279.217928042
339.42105923
391.944319045
433.733056701
463.096118202
479.786952619
484.818751479
480.081411491
467.865961871
450.410001209
429.556430927
406.576161021
382.157120279
356.520857137
329.604551191
301.24426332
271.311800845
239.784596508
206.755391909
172.407526026
136.987439611
100.798768016
64.2265504739
27.7823902418
-7.85155458589
-41.8057947904
-73.0540278791
-100.497637629
-123.09467871
-140.009980535
-150.755410635
-155.289802121
-154.055965426
-147.945098837
-138.193397313
-126.228434434
-113.491502051
-101.265288557
-90.5340067832
-81.8962314736
-75.5407656914
-71.2846400482
-68.6617827635
-67.0428160879
-65.7623236029
-64.2306204276
-62.0124180738
-58.8635954427
-54.7274215302
-49.7004248968
-43.9833405805
-37.8328785233
-31.5256601443
-25.3383072154
-19.5400820112
-14.3894675142
-10.1254727611
-6.9483953334
-4.99160290077
-4.29269678849
-4.77613231913
-6.25801748382
-8.47738843562
-11.1488852246
-14.0229677608
-16.9352665861
-19.8286421044
-22.739923058
-25.7554464159
