Flow Output (mL/min)
Min Radius: 2.0 mm
Max Radius: 2.0 mm
79.3931135976
82.0732418309
86.2622563658
90.2088656381
92.0383129378
90.359987893
84.8724775045
76.818400007
69.0990725168
65.9096983823
71.9348769264
91.3332279818
126.796200736
178.888893519
245.786084995
323.467142206
406.368916404
488.358660527
563.750732042
628.083394762
678.513856847
713.852481653
734.324236822
741.142409064
736.001055543
720.642872544
696.642450277
665.41880394
628.354637598
586.879813901
542.466557902
496.561588463
450.475913545
405.230162947
361.393781121
319.023728943
277.793438878
237.2865868
197.326190618
158.218960304
120.877578149
86.8247559474
58.0565350668
36.7374465835
24.7766347993
23.4215714511
32.9963221305
52.8121058881
81.205754998
115.682722896
153.185834017
190.482317135
224.579919658
253.056727991
274.258127485
287.39006464
292.530518922
290.526800997
282.751886122
270.777966177
256.088570596
239.910540427
223.155400121
206.425854237
190.081529707
174.37650421
159.625088443
146.292548994
134.941666021
126.074836663
119.976895654
116.626151056
115.672104377
116.470495648
118.201213364
120.079735438
121.590196155
122.614902683
123.391884776
124.346615318
125.896830476
128.289702609
131.483891186
135.102547202
138.50893124
141.01018296
142.095805126
141.57759947
139.572518872
136.379416727
132.334826868
127.691367725
122.535103833
116.782613397
110.304936727
103.150339044
95.736237983
88.8693905986
83.5571245335
80.6893885369
