Flow Output (mL/min)
Min Radius: 2.5455574111 mm
Max Radius: 2.7311111111 mm
-158.227767142
-167.063845906
-176.709752378
-187.578199645
-198.988700715
-209.171648929
-215.823808601
-217.067929009
-212.467570241
-203.657925188
-194.224972763
-188.692874454
-190.797485702
-201.525429822
-217.571074629
-230.830581032
-229.301256247
-199.349059163
-128.869034896
-10.5348897783
155.769809896
362.077272151
593.353307665
830.22157571
1052.72668001
1244.17439797
1394.07184135
1499.45755908
1564.37724969
1597.77991033
1610.52360914
1612.36912335
1609.75843589
1604.86577342
1595.98347711
1578.90537708
1548.72028277
1501.39380074
1434.68798557
1348.26752243
1243.15349623
1120.9015084
982.932745578
830.330481937
664.18654348
486.335014415
300.137621923
110.948024678
-74.0108001368
-246.415070147
-398.085313471
-522.371248897
-615.289268221
-676.104384086
-707.223214433
-713.470409186
-700.987340391
-676.067677142
-644.214392621
-609.589757803
-574.883196231
-541.496418512
-509.880886855
-479.87119405
-450.922060331
-422.240046251
-392.864978566
-361.775258673
-328.063114715
-291.169553374
-251.114839455
-208.636457467
-165.165251093
-122.624254854
-83.099952097
-48.4833612411
-20.1872126089
0.988515261967
14.8322320193
21.5892096549
21.8094319907
16.25372088
5.89101728276
-8.04274858817
-24.0022821419
-40.1944541086
-54.7928958792
-66.2824708137
-73.8348402406
-77.5731607396
-78.5979171643
-78.718801541
-79.9453551031
-83.8900137477
-91.2879507534
-101.812086936
-114.261643162
-127.062455016
-138.890590828
-149.170647689
