Flow Output (mL/min)
Min Radius: 1.07 mm
Max Radius: 1.07 mm
24.9075208249
24.336267282
23.9509852656
23.2279700568
21.6647184628
19.0267612535
15.5700822249
12.1458840055
10.1275723493
11.1592071792
16.7786626835
28.0030201019
44.9820416828
66.8261145014
91.68267093
117.064569599
140.350821945
159.325534673
172.616011405
179.92433702
181.997889822
180.345726624
176.77706339
172.895925252
169.700852966
167.39710902
165.453694453
162.866343276
158.540593569
151.684176994
142.094142448
130.251941157
117.202728764
104.270020354
92.7058972215
83.3817717004
76.5983334994
72.0575641161
69.0008131341
66.4716684146
63.6208382026
59.9568361667
55.4729786908
50.6303020551
46.2174241137
43.1300974771
42.1248557583
43.6096625544
47.5294523951
53.3749511877
60.3002505832
67.3047789556
73.4314780628
77.9426537017
80.441235717
80.9101660248
79.6602657179
77.2070549558
74.1195922275
70.8834707064
67.8035816404
64.9596360903
62.2231804962
59.335490513
56.0241623552
52.1169666383
47.6139251323
42.7010885563
37.7115382626
33.0475582238
29.0806768056
26.0549944974
24.0276987577
22.8718450016
22.3384753736
22.1485293342
22.0794721558
22.0236996135
22.0077960266
22.1671907587
22.6799859598
23.6824716596
25.2033110014
27.1455292799
29.3181440182
31.4954111858
33.4774060857
35.1341709084
36.422003063
37.3641260785
38.0001146644
38.3290427575
38.2819478607
37.7445219534
36.620172882
34.9015291388
32.717607039
30.3350230385
28.1028961383
26.3452103793
