Flow Output (mL/min)
Min Radius: 1.2 mm
Max Radius: 1.2 mm
43.7089221059
41.8017631829
39.8521849845
38.0572465341
36.6093471529
35.6190415104
35.052607426
34.7193546448
34.3272160423
33.5994627211
32.4231418957
30.9865996673
29.8590016021
29.9713756868
32.4813599517
38.5404761936
49.018961204
64.2613619145
83.9394855328
107.044465162
132.026543913
157.055333952
180.340051418
200.429505204
216.417202444
228.00826621
235.447576296
239.344631756
240.451210281
239.45340349
236.831108162
232.814573918
227.433340894
220.621672224
212.331490189
202.612310684
191.63800032
179.680708677
167.04868763
154.016592628
140.780454574
127.45914746
114.141830363
100.958934582
88.1454706961
76.0713413526
65.2259422909
56.156952382
49.3756664562
45.253528107
43.9407273961
45.3308813269
49.0779206344
54.6536960803
61.4269931399
68.7457558273
76.0077599397
82.7084546158
88.4613991448
92.9970174501
96.1525681324
97.8638113934
98.1595888161
97.1539282715
95.0314295558
92.0262670778
88.3968649613
84.3975490091
80.2501118011
76.1225114419
72.122708161
68.3090020969
64.7092043692
61.338158018
58.2081409398
55.3328160654
52.7269506812
50.4031227673
48.3678796221
46.6224257246
45.1712013609
44.0343525954
43.253948825
42.8860310327
42.9794896782
43.5500232765
44.5583027684
45.8991264488
47.4069990591
48.8814667176
50.1284841901
51.0040889562
51.4423156414
51.4560486089
51.1126520122
50.4961512144
49.6703832546
48.6560281752
47.4314419324
45.9603256693
