Flow Output (mL/min)
Min Radius: 3.8444463 mm
Max Radius: 4.03 mm
-442.862518272
-493.300686128
-553.111985172
-600.156253653
-606.597367234
-543.523733283
-387.421628644
-127.471413025
229.744107566
660.967958345
1131.80646167
1603.91091721
2041.49656219
2417.02992029
2715.96895887
2938.72379457
3097.91719764
3211.84773481
3297.76593547
3367.89777448
3428.13006296
3477.76997398
3510.11328838
3514.87886785
3482.3099901
3406.47700447
3285.51711045
3119.46055825
2908.36561474
2652.25710761
2351.83209103
2008.56979862
1624.80425249
1205.19359358
759.181898662
302.003945644
-147.363038777
-569.980217751
-949.870094394
-1275.27464001
-1539.50823601
-1742.13046737
-1889.14178487
-1990.76522335
-2057.72965885
-2098.66819929
-2119.87111063
-2125.99613919
-2119.94100071
-2102.1809152
-2071.22441825
-2025.43504056
-1964.41105984
-1888.52401235
-1797.64452417
-1691.11959252
-1569.22982368
-1434.24215937
-1289.74430037
-1139.31362598
-986.32397338
-834.815123643
-689.647062855
-555.156913579
-433.801912554
-326.489496616
-234.067846145
-157.905582882
-98.8074078807
-55.811423436
-26.4661801173
-8.03111513414
2.13454329934
7.24763681238
11.1979096234
17.0028345859
24.921716599
32.3378155922
35.5568684948
31.599118433
18.6182985178
-4.2681810191
-36.4164270714
-74.8120734264
-114.678986655
-151.894732148
-185.229991699
-216.367109467
-248.033451165
-282.269309945
-319.827631975
-359.829097879
-398.948935465
-431.247995648
-450.233208107
-452.612587434
-441.047225505
-423.843037034
-412.145651103
-416.520034383
