Flow Output (mL/min)
Min Radius: 0.74 mm
Max Radius: 0.74 mm
-11.7306327049
-10.4739696419
-8.27080403402
-4.85226440334
-0.315444533687
4.78900107699
9.53990464759
12.9049950663
14.1020757402
12.9326885885
9.96252931042
6.47428472371
4.18561244864
4.78974059407
9.43649483262
18.3136558499
30.480484197
44.0302049648
56.5445797093
65.7074322735
69.901905292
68.6261274667
62.6074149826
53.5713074546
43.7242503777
35.1072252738
29.0229313545
25.7054468262
24.3117917116
23.2172292239
20.520467059
14.6151084273
4.66385139626
-9.16097679522
-25.7274166196
-43.2404788934
-59.6705002509
-73.1839933094
-82.4746895992
-86.9323053057
-86.6298197221
-82.1602888334
-74.3999631837
-64.2877062193
-52.6793391348
-40.2844433321
-27.6605250364
-15.2371076796
-3.35113291793
7.72224120006
17.7562407871
26.5735661585
34.0403462968
40.0336312849
44.3908097834
46.8757484775
47.1940374718
45.0625485427
40.3135920126
33.005775503
23.5118318739
12.5479658237
1.11150238174
-9.67840327448
-18.7964576215
-25.5125010162
-29.5155034502
-30.9315802135
-30.2396180515
-28.1083608372
-25.1970264005
-21.9798965108
-18.6553322785
-15.1664446456
-11.3101412243
-6.87888660298
-1.78230141771
3.8822616955
9.82271504902
15.6084128808
20.7700073718
24.9018322368
27.7233938944
29.0842496751
28.9334068455
27.2888929988
24.2287868374
19.9035209053
14.5596141071
8.56241966131
2.39810535728
-3.37045094058
-8.20392387524
-11.7166307836
-13.7806040768
-14.5526145331
-14.4081569714
-13.8036794714
-13.1095426345
-12.4658322575
