Flow Output (mL/min)
Min Radius: 1.9800005 mm
Max Radius: 2.03 mm
-42.5276470956
-48.9160455547
-55.5500521059
-61.7382706713
-67.1258016764
-71.7908358556
-76.1502926482
-80.7057091691
-85.7319297527
-91.0463708139
-95.9772413499
-99.5768828392
-101.024752296
-100.071367921
-97.3286075197
-94.237835071
-92.6450744784
-94.0539970183
-98.7652418952
-105.192994877
-109.63987271
-106.701408501
-90.2887938271
-55.0578137301
2.12132444565
81.0698645813
177.923917252
285.632426481
395.244389741
497.673464131
585.487676448
654.262268599
703.158646539
734.61363433
753.272572064
764.501294711
772.906457413
781.257140279
790.051280484
797.761025129
801.590508493
798.449735901
785.824212436
762.299829304
727.650462078
682.556065351
628.136364926
565.523283535
495.648033078
419.310730024
337.475557799
251.639922355
164.094774065
77.9334875099
-3.2396965693
-75.8400131386
-136.922501877
-184.709886024
-218.874807007
-240.502070461
-251.755282951
-255.356339414
-254.028904755
-250.048154379
-244.987196875
-239.678376801
-234.342138992
-228.798652824
-222.676322575
-215.560458331
-207.068075879
-196.871584797
-184.710807271
-170.425531333
-154.016672823
-135.716918093
-116.035455378
-95.7440655107
-75.7921662319
-57.1668527204
-40.7373306425
-27.1305637426
-16.6728773298
-9.40592151093
-5.1565116344
-3.6213364585
-4.42762784755
-7.14941833673
-11.2872115256
-16.2432014643
-21.332309166
-25.8559430562
-29.2350440093
-31.1645759386
-31.7292784701
-31.422472676
-31.038572017
-31.4565205818
-33.3776494666
-37.1075504397
