Flow Output (mL/min)
Min Radius: 1.62 mm
Max Radius: 1.62 mm
42.4476672137
42.411982944
43.2672128076
44.1462791432
43.9957878662
42.016235438
38.1616683959
33.5159959784
30.3791645341
31.9765844771
41.8124660109
62.7926639193
96.3297323662
141.688942739
195.804229003
253.673513633
309.270139771
356.751036546
391.657256619
411.80183571
417.612705429
411.833018327
398.657559015
382.552523817
367.09938263
354.181600691
343.713074047
333.944395348
322.227485927
305.999646886
283.689056544
255.271968633
222.3315583
187.636968981
154.407568205
125.50077402
102.757195459
86.6757186833
76.4916099043
70.608378295
67.222643673
64.9279590709
63.1132392777
62.0613027588
62.7533321268
66.461476646
74.2588738899
86.5944692448
103.058298431
122.396163673
142.74548047
162.000494055
178.199829477
189.849379917
196.122061234
196.904634339
192.698457117
184.421991943
173.185186999
160.093736166
146.10922184
131.968542396
118.162330907
104.97037336
92.5379420743
80.9609645971
70.3498229514
60.8606462472
52.697990967
46.0917147609
41.246871276
38.2760034452
37.1419913287
37.6427825892
39.4479579945
42.170205711
45.4449739697
48.9977440105
52.6832362931
56.4799244385
60.4314356269
64.5524299845
68.7429030333
72.7551728763
76.2293997503
78.7807718911
80.1061880582
80.0776626927
78.7907779471
76.5413770452
73.7264319759
70.704179221
67.677204159
64.6540805606
61.5051045683
58.0849690925
54.3714411301
50.5627874096
47.0815191552
44.4553720479
