Flow Output (mL/min)
Min Radius: 9.99 mm
Max Radius: 9.99 mm
-2909.82445161
-3317.00598685
-3695.23481517
-3869.884808
-3658.46782033
-2900.59790497
-1494.57879827
561.172827014
3146.5540616
6039.88161221
8970.0798149
11669.7263324
13911.5406633
15536.5559474
16482.0443715
16795.0258172
16611.7233304
16109.4772123
15462.2522021
14820.3448692
14304.3047311
13994.3951312
13918.340286
14055.7646697
14361.9776335
14789.1718432
15286.6261907
15789.581983
16220.0645477
16504.1528452
16587.2416546
16434.0415069
16023.6615518
15356.2973377
14467.794947
13431.7824738
12340.8786675
11282.5949302
10328.8255072
9537.24256913
8948.42809777
8573.67020715
8387.33479746
8336.37869563
8359.46935056
8397.63948781
8391.9986392
8282.41506756
8018.70736977
7576.63239807
6962.12464724
6201.10518971
5329.14787799
4391.77147954
3447.70480281
2560.91447369
1782.46002213
1139.00356153
638.249335942
281.027329541
63.4785216391
-30.740919791
-32.8717588977
21.5073669194
103.995170027
191.401403697
255.119688399
260.141316917
179.504852037
8.39578540371
-238.033419063
-537.618624624
-867.162044681
-1197.74090691
-1494.43791392
-1730.36674043
-1902.37780744
-2029.16481259
-2132.8109193
-2224.36422767
-2305.90291288
-2378.44861759
-2440.46293037
-2480.81343858
-2482.90088428
-2442.42569952
-2379.78768737
-2331.03837938
-2325.99947278
-2375.18816034
-2472.25081957
-2599.00673664
-2723.90746035
-2803.74946291
-2801.66444775
-2713.97454446
-2582.18560855
-2477.80268115
-2472.56876724
-2613.62113465
