Flow Output (mL/min)
Min Radius: 1.54800064 mm
Max Radius: 1.612 mm
-22.6881301079
-25.6725845948
-29.1008416106
-32.5441810897
-35.6679489422
-38.34200324
-40.6627203018
-42.8741312886
-45.2175811108
-47.7726881269
-50.3626313991
-52.57712221
-53.9214902026
-54.0455278047
-52.9621977854
-51.1531104399
-49.4842453196
-48.9168634688
-50.0761708363
-52.8070504457
-55.8760391503
-56.9562242437
-52.9585378683
-40.6686883902
-17.5458568925
17.5282637625
63.7684603658
118.431146242
177.231367104
235.145405927
287.40136292
330.404065603
362.357929466
383.437073872
395.479874408
401.316075994
403.929206588
405.688235859
407.843794323
410.391455849
412.289448531
411.917767777
407.610024203
398.092011107
382.7155534
361.459809878
334.754182304
303.229784014
267.51475966
228.154013393
185.67249005
140.737673755
94.3349982376
47.863641432
3.09012039445
-38.0494904537
-73.7515069856
-102.664635301
-124.133618944
-138.295998069
-146.00763476
-148.624194405
-147.705061335
-144.721248831
-140.837166976
-136.804530493
-132.968233503
-129.352535327
-125.780966653
-121.987258084
-117.692322176
-112.64442408
-106.636461796
-99.5197097383
-91.2271133284
-81.8061160237
-71.4485047844
-60.499411021
-49.4321477892
-38.7879099482
-29.093728206
-20.7817175143
-14.1330051398
-9.26039404458
-6.12883439679
-4.59875855201
-4.47052633608
-5.51165225675
-7.4605013255
-10.015062166
-12.8259872034
-15.513790479
-17.7197238439
-19.1823884551
-19.815275982
-19.7523870543
-19.3349132594
-19.0310555759
-19.3067710735
-20.4873113635
