Flow Output (mL/min)
Min Radius: 2.0 mm
Max Radius: 2.0 mm
77.1535807868
81.2130194264
85.3188327573
87.149360875
84.9175060928
78.1790140823
68.4102384518
59.1101655902
55.306442455
62.5517173191
85.6724295014
127.595022199
188.5361086
265.757286484
353.967677087
446.293619802
535.556575353
615.499992278
681.652171714
731.670374494
765.17975726
783.234277003
787.593989289
780.051600822
762.021250897
734.490094526
698.266891466
654.342839869
604.173585189
549.765920598
493.534022737
437.951336791
385.088924457
336.198454023
291.512796176
250.357187958
211.53049131
173.821236449
136.510882513
99.7490534574
64.7127288894
33.4912128531
8.70723616553
-7.02150460899
-11.6244969902
-3.99952497235
15.7394599597
46.1965262201
84.8165106965
128.192718312
172.509808809
214.027745797
249.519022236
276.615287538
294.042838456
301.709787813
300.599397372
292.47052685
279.442040761
263.575332845
246.54444052
229.440483844
212.738039193
196.437033659
180.344265678
164.387353671
148.827396556
134.291202013
121.635324609
111.710984668
105.105559798
101.932302328
101.745330992
103.638010325
106.509623934
109.395142471
111.721163614
113.402302981
114.772818089
116.396293409
118.810788568
122.283624183
126.668830488
131.437000541
135.864536793
139.28164503
141.258989344
141.668733861
140.625806324
138.350392856
135.004715915
130.575260584
124.879656279
117.731234738
109.197069395
99.808448262
90.5926964687
82.8802007843
77.9326049991
76.4956456376
