Flow Output (mL/min)
Min Radius: 2.0 mm
Max Radius: 2.0 mm
108.908902448
99.7806582339
91.649272989
85.4039465088
81.3601782318
79.0620685116
77.3666656771
74.8373516296
70.3422108608
63.6686179956
55.9554602886
49.7866382565
48.8612704667
57.2617398908
78.4752867377
114.436039633
164.872407613
227.151600788
296.662310073
367.638157558
434.227340538
491.555247789
536.518416904
568.119029664
587.295500386
596.36281242
598.268184043
595.869486592
591.391808048
586.151507433
580.562596781
574.3555031
566.873934991
557.317556232
544.869641126
528.734507395
508.150199989
482.431630368
451.073143847
413.917135981
371.363587782
324.548729256
275.39329545
226.452415806
180.581107915
140.504087969
108.401163418
85.5990331194
72.4312686066
68.2982949269
71.9101242868
81.6298274159
95.797948764
112.943473864
131.856781321
151.558570498
171.215761792
190.049665106
207.279725125
222.140034885
233.972264557
242.347422717
247.144649059
248.544120348
246.945050721
242.849870992
236.749917826
229.035219273
219.951439059
209.623535754
198.136423464
185.624712007
172.318027655
158.526672375
144.596606342
130.871902519
117.680890166
105.344156595
94.2023569089
84.6580917759
77.2038688117
72.3909568427
70.7158415994
72.4554673782
77.5223331428
85.4024879204
95.2000905201
105.778994856
115.974119717
124.824497968
131.753444082
136.620584525
139.620342657
141.077364762
141.235920385
140.130109425
137.577974509
133.300108023
127.127129223
119.219432223
