Flow Output (mL/min)
Min Radius: 1.43 mm
Max Radius: 1.43 mm
67.5816936298
65.0519410142
62.618899595
60.5257009314
58.9241963925
57.8023585806
56.9519725113
56.0141019428
54.6060516938
52.4923961486
49.7468195466
46.8620104057
44.7775678085
44.8009357991
48.4115968157
56.9777686064
71.4576263487
92.1681719767
118.676347413
149.826687225
183.894344558
218.837347156
252.599912035
283.394906712
309.895385385
331.303377185
347.312566544
358.005583649
363.722717644
364.931036366
362.124201181
355.778503468
346.364421499
334.380211177
320.366037091
304.881091409
288.455017022
271.532670037
254.423817259
237.269480617
220.046481842
202.628952704
184.898361226
166.863075673
148.744227538
131.006808778
114.336126611
99.5632015084
87.5423919985
78.999509319
74.3905903202
73.81347549
76.9891012614
83.3014344925
91.8785836794
101.70600772
111.761415365
121.145304919
129.173602821
135.415783042
139.688062418
142.0199623
142.60170406
141.713343477
139.648189251
136.656359812
132.926376516
128.59809407
123.786019289
118.600573758
113.168158974
107.64816225
102.233109
97.120756962
92.4684783633
88.3569848452
84.7821947948
81.6718785452
78.9139438718
76.3912137653
74.0229936562
71.8030724742
69.8119142235
68.1898563724
67.0840926496
66.5976583504
66.758822716
67.5106617636
68.716102573
70.181157204
71.6974183831
73.088520491
74.2349434299
75.0654660378
75.5298167462
75.5775063767
75.1546955672
74.2147858494
72.7374294624
70.7562688588
