Flow Output (mL/min)
Min Radius: 3.100003 mm
Max Radius: 3.4 mm
42.4213359087
0.227607793928
-42.0900992328
-70.8277478143
-71.2027566935
-28.9206839835
67.0815751255
220.559041457
425.295567454
666.352109937
924.231527075
1178.71492783
1410.8615616
1604.58470385
1749.10365884
1840.86698402
1882.59622911
1879.74789601
1837.47246306
1760.21329673
1652.71986842
1520.04759288
1366.4586458
1195.32945913
1010.88411363
819.683463983
629.639653968
447.358681072
276.687788192
119.610450418
-22.3989246935
-148.533693684
-259.531355017
-357.048370008
-441.408069778
-510.193369514
-559.421263047
-585.879360888
-588.008748645
-565.067160141
-516.753304667
-444.527295911
-352.995254963
-249.192718591
-140.261700602
-32.0863818216
70.0325883266
160.49303244
234.295341389
288.96629311
325.042880936
344.489161149
349.138987653
340.97309916
323.212834461
299.96807432
274.327801873
247.211533992
218.462125576
188.697488298
159.543422183
132.264806887
107.024058591
83.8824125527
63.9230798886
48.5609367453
37.7254607872
29.3865829198
21.2170606441
12.3738409547
3.37554280142
-5.22694418889
-13.1822456953
-19.4715116846
-21.8193979254
-18.1467915029
-8.52443819028
4.77274953039
19.1692313987
33.305817566
46.6652887535
58.5525593403
68.3516655995
76.708047042
85.5144498377
96.040777123
107.24509176
116.354331959
121.031511852
120.654368755
115.781609925
107.386814386
97.2803712993
88.7063401336
85.1709425564
87.752889625
93.4932335765
96.6135276449
91.3299525723
73.8839643682
