Flow Output (mL/min)
Min Radius: 4.23 mm
Max Radius: 4.23 mm
-459.604781787
-498.035311453
-538.427527991
-562.557305783
-548.97110618
-472.267146653
-306.339191118
-33.3170727683
348.396706944
823.868854531
1367.54004254
1948.07556148
2529.54858196
3073.75876478
3547.51712153
3930.69118377
4217.62983159
4411.43749264
4518.21764732
4546.42483328
4508.13505424
4416.48237782
4280.13751343
4101.45532084
3880.99690072
3622.85620647
3334.36938591
3021.59463211
2687.35575759
2334.20769927
1967.16559703
1591.45361478
1208.20620742
814.714547217
409.948393037
-1.06700434529
-408.767304259
-803.218757318
-1174.80843587
-1511.41402819
-1797.99747402
-2021.60927481
-2177.05729774
-2267.10840184
-2298.10926295
-2277.39822482
-2215.19396531
-2126.34576294
-2027.06936155
-1928.97484427
-1836.93836851
-1752.48730906
-1677.25955526
-1611.82345428
-1552.48922302
-1492.02186276
-1424.63216751
-1349.28326357
-1267.41178777
-1178.75803975
-1081.3019456
-975.094270967
-864.050563766
-752.768032219
-642.746245047
-533.394482744
-426.373165289
-326.969452972
-240.353406872
-167.774194569
-107.711853176
-59.8469659114
-25.8139634993
-5.65449417962
4.56166728172
9.90585038137
11.9390485467
8.37229899047
-2.75525014346
-20.2974569259
-42.1586816205
-68.6294795541
-101.540413924
-140.229859469
-180.318934207
-217.556905483
-251.812267845
-285.951233696
-321.358918052
-356.218735506
-388.302534961
-417.453403018
-443.72896629
-464.077065246
-473.244504744
-469.023488595
-455.748310894
-441.937707391
-435.291173702
-440.610042044
