Flow Output (mL/min)
Min Radius: 1.67600064 mm
Max Radius: 1.74 mm
-36.2254522626
-40.1072333132
-43.4913500615
-46.3328174424
-48.8301667218
-51.2866643724
-53.9164859799
-56.6805885713
-59.2332853108
-61.0217656835
-61.518779154
-60.505889691
-58.2865483033
-55.7134690461
-53.9675252866
-54.1119337501
-56.537731125
-60.4808924592
-63.800688528
-63.1526950248
-54.5800190889
-34.4144038023
-0.26690981635
48.1654430516
108.723339083
176.98042621
246.997266251
312.463139984
367.941528256
409.901892908
437.278433815
451.42862998
455.530522596
453.607746433
449.461101355
445.790660272
443.715738254
442.769437809
441.303151375
437.128262975
428.177800024
412.997869854
390.961629798
362.204658841
327.372457463
287.319033659
242.888232591
194.854960354
144.025892675
91.4290184537
38.4838869906
-12.9484651264
-60.6903294259
-102.534310993
-136.617914008
-161.776351227
-177.767860721
-185.304980802
-185.884716693
-181.469120322
-174.10617786
-165.588261379
-157.222535472
-149.745628403
-143.369891643
-137.915901282
-132.97427671
-128.049340998
-122.659897983
-116.397030916
-108.955165508
-100.155665715
-89.9734712231
-78.5633617622
-66.2715846665
-53.6167906561
-41.2326190813
-29.7788692655
-19.8419350849
-11.8513180956
-6.03428918061
-2.41687255431
-0.862283653831
-1.12533724567
-2.89883177132
-5.83662328964
-9.55392513055
-13.6207037213
-17.5711569465
-20.946888742
-23.3749319583
-24.6610734783
-24.8636156874
-24.3110009908
-23.5416140848
-23.171413986
-23.7246506012
-25.4823861081
-28.4033669649
-32.149721152
