Flow Output (mL/min)
Min Radius: 3.8444463 mm
Max Radius: 4.03 mm
-415.913928676
-421.033077085
-441.994408456
-474.169413472
-504.919516071
-515.275709943
-482.85507915
-385.035361959
-202.76494753
74.775749057
446.168963113
896.677212107
1400.70021578
1926.1360855
2438.75693112
2906.25413719
3302.39702993
3610.63847546
3825.39721692
3950.24584709
3994.45000942
3970.01121635
3889.82501143
3766.03899106
3608.18983123
3422.15905705
3210.94533193
2976.49634103
2720.77841285
2445.43506929
2151.22771565
1838.48874475
1508.16646675
1162.17117681
802.87471681
433.0215159
56.8273333132
-318.729228247
-683.969462067
-1027.99440688
-1340.1706324
-1610.7272802
-1831.1866998
-1995.64378014
-2102.43597613
-2154.67597766
-2159.08632068
-2124.30867227
-2059.99536091
-1976.44592476
-1883.61693938
-1789.36033507
-1698.21018917
-1611.75441206
-1529.90937422
-1451.6356315
-1374.8237615
-1296.46717468
-1213.81369186
-1125.59820424
-1032.06316642
-933.922505433
-831.703552423
-726.216822653
-619.253156985
-513.340199854
-410.830898542
-313.605068917
-223.749030494
-144.062182365
-77.3517644591
-25.119771606
12.8875966849
37.9198188689
51.4041144012
55.0000567573
50.9328153558
41.4829495773
27.795179303
9.39993901241
-14.8322956363
-45.3062974247
-81.2974060342
-121.529275973
-164.55512268
-208.432129631
-250.585129687
-288.717156757
-322.09823356
-351.744570641
-379.158985048
-404.932041651
-428.44242811
-448.375021455
-463.012161888
-470.223132444
-468.141785663
-456.878115679
-439.980961005
-424.040725709
