Flow Output (mL/min)
Min Radius: 2.0 mm
Max Radius: 2.0 mm
93.9152822031
91.2560315997
90.2817588924
91.6612776134
95.3416594893
100.35726043
104.969678278
107.129932343
105.156794401
98.4650570519
88.1332751537
77.0893528868
69.7676822152
71.2619437728
86.1835797675
117.535052018
165.889373976
229.080288498
302.496207017
379.934695455
454.813788477
521.411036575
575.793866906
616.230373119
643.049843528
658.065346313
663.751207594
662.409866292
655.565111351
643.746423707
626.679455202
603.743526401
574.48849422
539.037340422
498.277109937
453.804894041
407.652203876
361.881515215
318.206181584
277.772399151
241.152129526
208.496282114
179.757891397
154.912838133
134.127335185
117.824313134
106.617373684
101.135185896
101.81468729
108.741871912
121.565843917
139.467085365
161.167033421
184.994563343
209.02302563
231.257863135
249.83685876
263.224759491
270.403731773
271.03999303
265.566136903
255.118167309
241.323443597
225.999601863
210.841757156
197.154747444
185.674265449
176.524148473
169.337218862
163.502946352
158.440491369
153.791853749
149.48842851
145.706033721
142.74476387
140.869242517
140.158298374
140.430560474
141.289941355
142.26656645
142.970655177
143.183023752
142.861390243
142.085928483
140.972705741
139.579091077
137.839238169
135.577436588
132.612558068
128.899776272
124.619400223
120.155939873
115.979516125
112.484535729
109.841622376
107.911238553
106.268350309
104.367174271
101.807947948
98.589424156
