Flow Output (mL/min)
Min Radius: 1.43 mm
Max Radius: 1.43 mm
65.5003341798
63.0162508429
60.8397645811
59.1491584105
57.966999059
57.1142812502
56.2414822322
54.9471983475
52.9488621642
50.2506158747
47.2650464206
44.8595349182
44.2995882253
47.0712332514
54.6032519355
67.959329498
87.5880833993
113.191419001
143.728653
177.548139734
212.626056102
246.870154248
278.416591481
305.842573919
328.25455218
345.264924948
356.898281916
363.463594967
365.419369652
363.262809507
357.474444122
348.524280615
336.907307199
323.16248088
307.853364908
291.52143462
274.632182612
257.523990256
240.368384984
223.163898112
205.788092868
188.105024139
170.089408717
151.920344903
134.020914148
117.044311763
101.809829281
89.1878518663
79.9473039861
74.605702549
73.3290169584
75.9028248087
81.7639510499
90.0737203072
99.8252757794
109.978424607
119.597007283
127.951271302
134.563809353
139.207917615
141.879006772
142.746876725
142.08655847
140.197872064
137.341924397
133.717305613
129.471157067
124.721907158
119.579298655
114.164260407
108.629347367
103.164703247
97.9736493456
93.2254863503
89.0147863607
85.3498424043
82.1676001582
79.3598613656
76.805351342
74.4110832941
72.1550717847
70.1057877886
68.4000597574
67.1899575624
66.5892209488
66.6404533392
67.3024146956
68.4509199332
69.8972518203
71.4291844121
72.8612098188
74.0651756837
74.9648333156
75.5076937233
75.6418908378
75.3119414682
74.4680194506
73.0822775249
71.1747947974
68.8466407189
