Flow Output (mL/min)
Min Radius: 2.5455574111 mm
Max Radius: 2.7311111111 mm
-190.921274332
-198.357189472
-204.101217422
-208.738695395
-212.685711922
-215.93043344
-217.954356566
-217.905962273
-215.002132746
-209.027915582
-200.732506324
-191.911669399
-185.037676599
-182.434055943
-185.155935659
-191.875127894
-198.132140497
-196.274289882
-176.25065855
-127.215135138
-39.6576638887
92.3913764398
269.603005972
486.48530252
731.666558343
989.313039388
1241.40047001
1470.36091087
1661.55142978
1805.0546557
1896.50188014
1936.8535229
1931.3115499
1887.71150138
1814.80910604
1720.83183442
1612.53489123
1494.83117373
1370.90816705
1242.64345255
1111.10431456
976.960242936
840.723749532
702.828908517
563.625460125
423.389509941
282.428097986
141.298782245
1.1010105468
-136.251951943
-267.886591377
-390.031649269
-498.321374695
-588.307665952
-656.092729886
-698.959906533
-715.876480321
-707.767486019
-677.505449969
-629.615607273
-569.747226117
-503.999849446
-438.213234174
-377.330198369
-324.924206216
-282.952199395
-251.753339674
-230.272516655
-216.450833197
-207.700588398
-201.374608592
-195.150980683
-187.281787242
-176.691336136
-162.945654283
-146.140610342
-126.764091486
-105.577015182
-83.5337457133
-61.7345744699
-41.3825210399
-23.7122075411
-9.87208379163
-0.767477597357
3.10029507486
1.74680996506
-4.279238486
-14.0003858521
-26.2204708735
-39.786649377
-53.8259375163
-67.8815259516
-81.904679292
-96.1072841848
-110.730635791
-125.818535325
-141.083430188
-155.920740562
-169.569451815
-181.357348652
