Flow Output (mL/min)
Min Radius: 1.61200064 mm
Max Radius: 1.676 mm
-36.317741226
-39.9788581481
-43.5382062148
-46.7798953043
-49.5329602461
-51.7277159031
-53.4118523439
-54.7169088608
-55.7863855047
-56.6947848943
-57.3946038125
-57.7212229103
-57.464623318
-56.4883657582
-54.8505744192
-52.8693914065
-51.0835197337
-50.0874320613
-50.2634129867
-51.4757911014
-52.8215404094
-52.5339601962
-48.1078425861
-36.660483511
-15.4769514464
17.370918462
62.4760306894
118.758821475
183.440056214
252.351472406
320.530966391
382.979582658
435.418761569
474.888472032
500.068786394
511.27692014
510.169328035
499.243314418
481.268620678
458.779470229
433.724961908
407.322660748
380.103433389
352.090974444
323.037688332
292.642324895
260.698864719
227.160078744
192.130900299
155.826605193
118.534286058
80.604637948
42.4807787873
4.75001039735
-31.8094079159
-66.2168838101
-97.3348901059
-123.975576716
-145.054022854
-159.758422098
-167.700497199
-169.012099503
-164.364970867
-154.906705543
-142.122878456
-127.649290566
-113.066702183
-99.7121963356
-88.536774698
-80.029321433
-74.2146712268
-70.7204376933
-68.895737467
-67.9569710615
-67.1328434877
-65.78341432
-63.4756191416
-60.0086716876
-55.3943834034
-49.8067645016
-43.5198767962
-36.851712505
-30.1255797707
-23.6514428833
-17.7211694331
-12.6067481552
-8.55099640162
-5.74577314424
-4.30093837824
-4.21473687068
-5.3595551021
-7.49424138424
-10.3059054862
-13.4731858772
-16.7336163983
-19.9339333693
-23.0460702736
-26.1424429534
-29.3383545498
-32.7217142472
