Flow Output (mL/min)
Min Radius: 5.2 mm
Max Radius: 5.2 mm
-308.615225542
-306.506519225
-311.628127917
-325.753675637
-345.945681868
-367.527492131
-386.037370904
-396.736104221
-395.0631628
-380.45923954
-360.255924532
-348.222155762
-357.436945912
-392.935172599
-448.62034494
-507.328522594
-540.950276973
-511.548494554
-377.572317469
-105.682085904
317.633062971
881.111737357
1550.97100069
2276.17237565
2994.48253653
3641.27892069
4162.05830735
4524.17992018
4721.4322284
4770.15948058
4701.80300649
4556.46459979
4377.08863888
4201.94340051
4056.90544391
3952.39086678
3886.82287511
3852.54565852
3838.95311172
3832.59762657
3818.11779763
3781.61727751
3713.43803011
3607.31558796
3457.79800694
3260.42373367
3015.4611095
2730.99450032
2421.74776734
2105.31054191
1799.94702193
1524.64216001
1297.92319859
1133.48435317
1035.69275574
999.30304445
1013.11096327
1063.12707904
1132.82006853
1203.02317945
1254.87454812
1274.59307229
1255.67885858
1197.04652807
1100.57044312
971.470475489
820.043680192
660.629548159
507.23844468
369.923437944
255.049640968
167.432126538
110.282164386
82.8185048632
79.4404955437
92.551947963
116.030454663
145.354816823
175.046804255
197.759024459
206.842759111
199.216127539
175.015521573
135.198706665
81.0637424134
16.465438952
-50.979249765
-112.56137035
-162.741464479
-200.517310917
-227.222374127
-244.439626226
-254.566480955
-261.913820052
-271.076964064
-283.452482039
-296.146842779
-305.030509999
-308.589978431
-308.522098816
