Flow Output (mL/min)
Min Radius: 3.400003 mm
Max Radius: 3.7 mm
-42.8777531823
-84.9669938442
-104.660803719
-83.0545981979
-0.609721700815
151.692792172
367.124260874
629.109846905
919.750089642
1221.05844503
1511.30096306
1766.60577781
1969.94084852
2117.50847986
2214.40447264
2264.96448303
2269.47775183
2229.20941446
2150.0650744
2038.25503215
1894.14495077
1714.1411394
1499.37294364
1260.00412943
1009.6366652
757.56990818
508.811357972
269.988228415
50.8330231537
-142.112533271
-310.812280755
-461.809534794
-597.437543333
-713.26142276
-804.05146298
-868.92090168
-908.334029899
-918.212917863
-891.050814571
-823.946031918
-723.242447822
-599.817411409
-461.814771568
-314.546848045
-166.361329659
-30.3791069844
82.0127738049
167.871620424
230.832018018
273.672507905
295.728519735
298.037306474
287.62899313
273.551191372
259.305098502
241.88284458
218.524812493
191.660855731
165.495111506
139.892151109
110.993626908
77.9792116189
46.1604066136
21.5768407972
4.34131837019
-10.2112023928
-24.5610111807
-36.2447621812
-42.8952093216
-47.2249484673
-54.2090154279
-64.1890871233
-71.8072832615
-72.5632908925
-67.9972226265
-62.5216475066
-56.8083681026
-47.3007216786
-32.2939630415
-15.4210093604
-1.19946188337
11.0371877805
25.9257848534
45.0064029679
63.6432117423
76.1933776112
82.1416233531
84.9217998292
85.9139999879
82.941715165
75.6366815313
69.4767166965
71.591442776
82.9375308762
96.7669992914
104.877387958
103.022264361
89.3400014584
60.70139266
15.1656816523
