Flow Output (mL/min)
Min Radius: 3.2877796333 mm
Max Radius: 3.4733333333 mm
-351.913306114
-342.368614168
-324.941611453
-306.320410908
-294.91110541
-297.874717722
-317.780296571
-349.961867226
-381.61627967
-393.250731177
-362.393704013
-268.755757971
-99.5162587593
146.71979197
458.463502946
812.910895063
1180.2352313
1529.51794632
1834.76245331
2079.44023235
2258.48676089
2377.42068115
2449.0590611
2488.92101332
2510.68970251
2522.96361918
2528.01885268
2522.60745061
2500.18907902
2453.64486548
2377.52960989
2269.22384591
2128.81871094
1958.04744468
1758.9097223
1532.69778071
1279.90400361
1001.07561715
698.269014401
376.505195076
44.6075158248
-285.004669601
-597.655536694
-878.593722465
-1115.42826697
-1300.14217369
-1430.15557505
-1508.22574717
-1541.31525167
-1538.81600976
-1510.63223063
-1465.5915875
-1410.49023905
-1349.83577562
-1286.1258889
-1220.38349383
-1152.69279075
-1082.59563244
-1009.33177188
-931.988191124
-849.651742661
-761.638862623
-667.809562937
-568.884793936
-466.631261446
-363.803081591
-263.826182546
-170.316332919
-86.5747737641
-15.1941416125
42.1442898739
84.670459759
112.385284318
125.897476848
126.349574193
115.466523153
95.6501753103
69.9764642713
41.9731852738
15.1482715392
-7.64857669141
-24.8550301177
-36.5933710341
-44.6407933196
-51.8999653144
-61.4877524231
-75.7343473731
-95.4482172055
-119.717388102
-146.324801538
-172.632575893
-196.60922401
-217.593681883
-236.456934239
-255.043787617
-275.085317033
-297.031995353
-319.340570866
-338.609088073
-350.645652708
