Flow Output (mL/min)
Min Radius: 1.48400064 mm
Max Radius: 1.548 mm
-18.6898548904
-20.4041705632
-22.9401117758
-26.0339111561
-29.3180913104
-32.4528099733
-35.2406902214
-37.6787167053
-39.9239875637
-42.1848731414
-44.5821690332
-47.0422494978
-49.2770893143
-50.8744497392
-51.4755850328
-50.9745566311
-49.6506366982
-48.1553355233
-47.3190053871
-47.8067232138
-49.7176871022
-52.2626748066
-53.6523221456
-51.2803839702
-42.2020914612
-23.8129785705
5.44128518402
45.5221210482
94.5899212422
149.214355245
204.972991256
257.298096715
302.359139081
337.756609721
362.855514932
378.688308385
387.476252893
391.919213298
394.457166764
396.698435115
399.145595309
401.253086649
401.75260554
399.113663618
391.985995194
379.499803943
361.364703364
337.783698723
309.258334447
276.386440372
239.739455657
199.861103617
157.372391749
113.121368726
68.2963980465
24.43471134
-16.7027067079
-53.36882075
-84.117570961
-108.057426898
-124.997757948
-135.447571125
-140.471011743
-141.44472093
-139.785604382
-136.717720964
-133.126319265
-129.514869975
-126.049455324
-122.65446062
-119.119171601
-115.185055391
-110.601488007
-105.154884905
-98.6857264059
-91.107266448
-82.4310233962
-72.7930587603
-62.4676932447
-51.8555851793
-41.4410161669
-31.7250903842
-23.1517670847
-16.0473523526
-10.5893817027
-6.80966251525
-4.623508539
-3.86854189134
-4.33570919891
-5.78260437771
-7.93124921804
-10.4633036168
-13.0297400056
-15.2867152314
-16.9564038221
-17.8964393773
-18.1514641478
-17.9607292927
-17.708162458
-17.8220300789
