Flow Output (mL/min)
Min Radius: 1.2 mm
Max Radius: 1.2 mm
46.1200698472
44.5214071656
42.7024992533
40.7677582725
38.8890712833
37.2640920195
36.0476104183
35.2801772632
34.8485857679
34.5068659567
33.9645172984
33.0224820516
31.7186437576
30.4370231223
29.937424176
31.2767743791
35.6220893638
43.9918191997
56.9914127212
74.6157237368
96.1736906212
120.359254555
145.457094758
169.638182663
191.274397864
209.193664864
222.814869684
232.140138824
237.623993473
239.968322991
239.903770623
238.014649062
234.648109617
229.920117641
223.797774217
216.213775575
207.165676148
196.768521448
185.252277339
172.914709031
160.053239858
146.90592041
133.628703686
120.320691853
107.086165742
94.1049848586
81.6808545065
70.2477898363
60.3296696846
52.4604352971
47.0835556581
44.4581009531
44.5994259468
47.2708246993
52.0236693279
58.2689817375
65.3597788159
72.6674750575
79.6405071896
85.8379783333
90.9383698047
94.7321509995
97.1108333624
98.0597189593
97.6523507311
96.0403806701
93.4356832209
90.0863578808
86.249550587
82.1634501703
78.0225942886
73.9635902686
70.0667993638
66.371875643
62.897681613
59.6570938015
56.6635909173
53.9320115688
51.4764294748
49.3068979204
47.4278201887
45.8419263869
44.5605240883
43.6136727474
43.050464669
42.9245492857
43.26935858
44.0730229067
45.2619974644
46.6990918047
48.1992652962
49.5629693337
50.619220128
51.2627311257
51.4692377285
51.2830608281
50.7840889394
50.0488617947
49.1203409553
47.9972262966
