Flow Output (mL/min)
Min Radius: 1.2 mm
Max Radius: 1.2 mm
43.5443441146
41.7571031833
40.0208757369
38.5042241016
37.3333533742
36.5319471414
35.9895063856
35.4829503502
34.75418538
33.6252584531
32.1218747472
30.571564661
29.640373176
30.2781390387
33.5659740058
40.494838988
51.7314418222
67.4322013803
87.1510340411
109.8648867
134.117650002
158.255648682
180.699694305
200.184648996
215.909870515
227.576707055
235.322824809
239.584215267
240.925884099
239.886701801
236.879126644
232.163923467
225.889118279
218.159381248
209.099901826
198.892552223
187.777174313
176.020855758
163.867675691
151.492297011
138.983943456
126.374142912
113.69842272
101.065996878
88.7117356049
77.0145055006
66.4743833907
57.6478035766
51.0509734715
47.0566696719
45.8158103586
47.2248965491
50.9411740279
56.4342467017
63.0607918176
70.149848534
77.0832092342
83.3538255508
88.5929925048
92.571264624
95.1859396857
96.4435585363
96.4377240994
95.3217821512
93.2814964022
90.5144665715
87.2168501921
83.5722709426
79.7406394374
75.8515310112
72.0069278254
68.2900491183
64.7711612628
61.5056673687
58.5288090981
55.8537365998
53.4741368274
51.3684657811
49.5058811769
47.8578534056
46.4154765046
45.2035065987
44.279743943
43.7171657889
43.5771724339
43.8846752688
44.6106829115
45.6649602666
46.9031833637
48.152199186
49.2479513125
50.0702820917
50.5590143082
50.7075382686
50.542115928
50.0978179617
49.3985769402
48.4474976824
47.234137516
45.7601377195
