Flow Output (mL/min)
Min Radius: 0.91 mm
Max Radius: 0.91 mm
-6.4952586415
-7.31519553119
-8.13704705206
-8.92204077084
-9.63520484811
-10.2556423523
-10.7814994729
-11.2271214813
-11.6130532302
-11.9527671649
-12.2419676227
-12.4560518333
-12.5586001235
-12.5193523065
-12.3355043415
-12.047120555
-11.7374482392
-11.512468564
-11.4604246172
-11.5995232731
-11.8280952128
-11.8939587525
-11.3972484036
-9.83368395944
-6.67486155018
-1.47146037113
6.04259148189
15.8694685188
27.7109235982
40.986991071
54.9082847447
68.5876642051
81.1679573727
91.9392287825
100.42248697
106.405611476
109.929074092
111.230489747
110.665210887
108.623240508
105.460409934
101.45529178
96.7949646807
91.5850479928
85.874410827
79.6836108258
73.0281956817
65.9322693065
58.4324582052
50.5759965922
42.418074371
34.0227065935
25.4688270552
16.8602096926
8.33536631306
0.0726088658945
-7.71372616339
-14.7876420579
-20.9152521138
-25.8940654994
-29.5821807274
-31.9214661782
-32.9498979267
-32.8003632375
-31.685861055
-29.8735416107
-27.6519361569
-25.2967330544
-23.0404608911
-21.0505226793
-19.4183994223
-18.1608090222
-17.2315249439
-16.5408000086
-15.9782352896
-15.4347038562
-14.8196293935
-14.0713615306
-13.1602157953
-12.085472777
-10.8687928903
-9.54680100021
-8.16500385018
-6.77399160855
-5.42752201623
-4.18111508546
-3.08957401846
-2.20247443814
-1.55787015238
-1.17573689858
-1.05344231368
-1.1653871814
-1.46785459243
-1.90837295766
-2.4371795984
-3.01735644413
-3.63037615311
-4.2751991297
-4.96126958359
-5.69798739091
