Flow Output (mL/min)
Min Radius: 3.1022240778 mm
Max Radius: 3.2877777778 mm
-302.49236284
-309.345403441
-307.216203498
-296.327530939
-280.165534524
-264.965302614
-257.89195118
-264.304612269
-284.891535359
-313.645792672
-337.523888368
-338.199807957
-295.708386344
-193.157643818
-21.2857957043
218.412774556
512.937339269
839.726500921
1170.87998771
1478.60101521
1740.46742422
1943.20956822
2084.12385277
2169.9341062
2213.61225255
2230.17768689
2232.67535345
2229.3542441
2222.60803105
2209.65996588
2184.469238
2140.06214493
2070.51120289
1972.05346077
1843.2333304
1684.32730513
1496.53302514
1281.4167882
1040.9241787
777.956022515
497.22546516
205.956349179
-85.9882840362
-366.767221666
-623.95409566
-846.342230682
-1025.68480526
-1157.89879388
-1243.42454833
-1286.69129474
-1294.89469252
-1276.45810695
-1239.58118292
-1191.18672835
-1136.40674748
-1078.56524445
-1019.48228516
-959.88229334
-899.741600502
-838.516218414
-775.291246667
-708.941876587
-638.379554285
-562.893373545
-482.520016448
-398.321929997
-312.451546608
-227.937959974
-148.230703909
-76.6282731803
-15.7617554872
32.7226777198
68.2197036805
90.995531706
101.907533361
102.154102557
93.1599417161
76.6151039617
54.5873812724
29.5678303389
4.32324113475
-18.4853429967
-36.8405190991
-49.8864160049
-58.2150297189
-63.7598322077
-69.2633544994
-77.4497225076
-90.1679287657
-107.812538599
-129.246536675
-152.270992882
-174.476502174
-194.153471226
-210.896371032
-225.636848041
-240.057966632
-255.602532133
-272.488016109
-289.186342764
