Flow Output (mL/min)
Min Radius: 1.06500235 mm
Max Radius: 1.3 mm
2.37264076969
2.37982311403
2.8949301564
3.63471619768
4.09857987574
3.73563063729
2.16457295413
-0.628343984747
-4.16675955962
-7.47130926299
-9.18423363615
-7.83581634867
-2.19998032229
8.36862368853
23.7257068087
42.9124888809
64.3089715693
85.9266372062
105.785847043
122.297445365
134.544601481
142.3800587
146.323897177
147.32111015
146.446572737
144.629525511
142.450157484
140.053678998
137.207361815
133.475107378
128.431635106
121.831569504
113.691328847
104.288326334
94.096410198
83.6728854273
73.5237527539
63.9964462276
55.2464505818
47.2821364505
40.0474528383
33.4969910372
27.6462183922
22.598977841
18.5461871673
15.721691663
14.3214179469
14.4232116096
15.9466296056
18.6589040138
22.2045348219
26.1422210104
29.9953503723
33.3222294957
35.7874965888
37.2036541598
37.5328420846
36.8677466837
35.4101919047
33.4416691575
31.2710665019
29.1674498598
27.309287718
25.7719864274
24.5441204253
23.5494910673
22.6694371815
21.7762439518
20.7763493809
19.6386928005
18.3865163444
17.0626052437
15.6999582042
14.3158436152
12.9187036543
11.5121916951
10.0995608743
8.7001385946
7.37077001592
6.20601638121
5.30384191809
4.71768701774
4.42977399988
4.35850868411
4.38520180997
4.38452811176
4.25954323492
3.98212855195
3.61862802753
3.31155307666
3.21460393467
3.41608384667
3.89349683704
4.51490245885
5.07587733417
5.35955136421
5.2139444465
4.62835458832
3.76793454275
2.9297953393
