Flow Output (mL/min)
Min Radius: 1.30000235 mm
Max Radius: 1.535 mm
-8.53082959527
-9.77830139467
-9.39669445611
-7.48322820444
-4.74755017752
-2.33470687547
-1.4246166312
-2.73148079302
-6.07538423627
-10.1890240294
-12.8622713642
-11.4296426288
-3.49108975159
12.3390589661
35.8928751565
65.3041754368
97.3230775564
128.014982346
153.656935167
171.586324773
180.765679377
181.906336163
177.127550396
169.27255075
161.1024872
154.607236621
150.613012358
148.762879503
147.832436222
146.246853779
142.613241963
136.095370413
126.534772575
114.328686165
100.16162003
84.7216640329
68.5148655831
51.8390611422
34.9106444894
18.0717282541
1.96561565599
-12.4213708777
-23.8936918666
-31.3187217571
-33.941644682
-31.6319260705
-24.9734677691
-15.1593482698
-3.71490410746
7.86539409377
18.4464385985
27.4385743163
34.7920998911
40.824662618
45.9600877069
50.4764003659
54.3491080331
57.2406553823
58.6340810179
58.0523308908
55.2702065818
50.4339681916
44.0489836861
36.8506499176
29.6118126524
22.9535696146
17.2204028642
12.4576922949
8.49111507395
5.0654645258
1.97812578485
-0.845566912218
-3.35148859201
-5.41147915167
-6.89778529674
-7.74159763158
-7.9502283257
-7.57589732372
-6.65505725527
-5.15894482062
-2.99528050888
-0.0726790486601
3.59880287005
7.82005193933
12.1737166583
16.0774125172
18.9151208369
20.2125927038
19.7963488569
17.8682511064
14.9528325006
11.7271017305
8.79490330627
6.49188599193
4.79480954682
3.37136284351
1.75788188265
-0.397233574778
-3.12234679851
-6.04229188118
