Flow Output (mL/min)
Min Radius: 6.650001 mm
Max Radius: 6.75 mm
-2567.49906131
-2560.70655603
-2644.87550148
-2815.62972957
-3018.54019286
-3172.62770226
-3189.34930579
-2973.09244682
-2426.23507783
-1480.43018889
-136.289091968
1527.18492087
3382.59696504
5292.04872404
7123.6995047
8756.14997613
10097.1780348
11115.1118612
11850.0702257
12386.4812748
12811.0445205
13193.1663399
13590.808208
14052.2561791
14598.3201359
15207.1095902
15827.9942885
16414.334481
16938.797931
17378.4392102
17697.061476
17853.1111111
17822.5295182
17604.0746763
17200.9767477
16608.4446119
15828.8445311
14895.6340528
13872.1300197
12824.1688296
11799.9180204
10837.0711711
9977.08739037
9257.07038244
8685.11957047
8232.72957882
7857.0395408
7525.81981322
7216.2853985
6897.42115118
6528.6889715
6082.69552248
5562.81207593
4992.05842953
4389.06881131
3763.59807654
3134.12434313
2537.26063564
2010.38755214
1568.04403579
1202.58189976
906.093615949
681.852724105
530.382261484
432.820343311
358.217730547
286.471989551
215.561871901
143.948413495
54.5008757948
-75.9046344974
-253.624939004
-463.453081487
-687.244988204
-918.777905248
-1154.79390152
-1378.2115721
-1561.9110813
-1692.02131578
-1780.519924
-1850.22869647
-1912.36839687
-1965.22766108
-2011.01187723
-2062.37049929
-2127.07155671
-2193.5801559
-2241.45632138
-2265.88508068
-2284.62949501
-2318.70905647
-2372.82600259
-2439.21478047
-2513.81178226
-2597.28627141
-2678.89475688
-2730.45536889
-2726.90720037
-2672.87040185
-2603.83016051
