Flow Output (mL/min)
Min Radius: 2.800003 mm
Max Radius: 3.1 mm
78.1735941545
62.3438806594
36.3020835133
4.67997198916
-23.2048868747
-35.0831690062
-18.2446226642
37.9424555521
139.679681061
286.713808298
471.366555059
679.444779799
892.946300495
1093.42467426
1264.82521144
1395.4270546
1479.06183251
1515.49294553
1509.5139006
1468.81816817
1401.59548281
1314.96107178
1214.46852791
1104.1390124
986.567841317
863.2951688
735.669811833
605.78097889
476.692188027
351.819764768
234.142806967
125.928163174
28.8729804841
-55.880872401
-127.956273698
-187.678218042
-235.454738405
-271.076151771
-293.620298585
-301.972907554
-295.31900425
-273.208967497
-235.542435008
-182.953809411
-117.424928662
-42.4627285359
37.407570591
117.335077203
192.483018975
258.16388944
310.305096107
346.284074712
365.499311748
369.176805852
359.695186494
340.077701167
313.792038464
284.413564013
254.918710233
227.066824459
201.454583695
178.134750502
157.105669923
138.289153704
121.355685744
105.883542278
91.7250129428
79.0451119096
67.9251341962
58.0754502601
49.1117137999
41.0997511336
34.7003702506
30.7603934937
29.869351882
32.3108314998
38.1807801029
47.2223150931
58.4714071897
70.2974722638
81.0762433787
89.9619981627
97.0756768878
103.094000962
108.796359425
114.881011981
121.777325357
129.1921292
135.739952279
139.271591882
137.917745797
131.106180218
119.855554535
106.386902068
93.5316147453
84.0973778399
79.9651005405
80.9874639903
84.4068030375
85.5187681507
