Flow Output (mL/min)
Min Radius: 1.8300005 mm
Max Radius: 1.88 mm
-25.5399798089
-30.778972672
-36.2810487908
-42.1411847222
-48.3518497071
-54.7642174046
-61.1081653193
-67.0645697746
-72.3621123789
-76.8593718564
-80.5767699784
-83.6617226958
-86.2978163916
-88.5945588988
-90.5074090401
-91.8313380437
-92.2850604252
-91.665014904
-90.0116369553
-87.7102096456
-85.4552842282
-84.0434464805
-84.0158237707
-85.232313432
-86.5035452057
-85.4166022229
-78.4583464264
-61.4705693119
-30.3813654235
17.927695517
84.8131151152
169.319373643
268.038269376
375.437309158
484.606068895
588.269215643
679.8522557
754.377623871
809.015735401
843.203955016
858.35105528
857.23728399
843.277250359
819.822475087
789.644723232
754.674689358
715.994970967
674.023481327
628.789156929
580.201367043
528.242453729
473.056097766
414.946674049
354.332912344
291.705986316
227.628522053
162.784530141
98.0619144452
34.6294023174
-26.0350407571
-82.196117539
-132.002575085
-173.700711352
-205.880588701
-227.704049944
-239.065336855
-240.648710479
-233.868736936
-220.702257106
-203.441221711
-184.408746542
-165.685136546
-148.886377383
-135.0262938
-124.477711238
-117.030427109
-112.027567626
-108.549721879
-105.610282535
-102.326837881
-98.0419608609
-92.38039395
-85.2451067427
-76.7680331878
-67.2389706453
-57.0362375445
-46.5756748982
-36.2832096515
-26.5847319059
-17.8997507082
-10.6249028139
-5.09996441723
-1.55983295228
-0.0864190915245
-0.579797539144
-2.76535852456
-6.24323722571
-10.5714264182
-15.3603079879
-20.349542452
