Flow Output (mL/min)
Min Radius: 2.7311129667 mm
Max Radius: 2.9166666667 mm
-227.111198304
-232.537629257
-237.025193781
-240.785291918
-243.399977306
-243.928954675
-241.320836597
-235.009312515
-225.469300503
-214.47120342
-204.827944568
-199.573747804
-200.707616262
-207.817633841
-217.010436592
-220.55748201
-207.525192394
-165.410138221
-82.5182523028
49.4097750312
232.942646856
463.644614396
730.075571822
1015.1696069
1298.72466322
1560.46991677
1783.04883922
1954.29713231
2068.39014983
2125.72580021
2131.71345817
2094.8750299
2024.77369151
1930.25149543
1818.30340937
1693.69810114
1559.24302093
1416.44253325
1266.2468968
1109.63725959
947.907989776
782.645734331
615.517182853
448.031548154
281.429092053
116.776926649
-44.7421320861
-201.447266832
-350.830214138
-489.419819246
-612.929553458
-716.696690746
-796.338976156
-848.492915861
-871.472845302
-865.705720074
-833.845915647
-780.542329729
-711.899505512
-634.730580912
-555.733116518
-480.725536215
-414.063345273
-358.315759155
-314.232954063
-280.981313469
-256.578259929
-238.42776107
-223.848217502
-210.498218303
-196.639484948
-181.221710474
-163.818761112
-144.477501534
-123.55074811
-101.572558334
-79.202723488
-57.2295757201
-36.5902848647
-18.3575063008
-3.65508973626
6.50149432705
11.4054196577
10.8361488727
5.14566115479
-4.79310884712
-17.7776875034
-32.5585578893
-48.1261354211
-63.9071281963
-79.8020607542
-96.0503986706
-112.973021619
-130.689910155
-148.924216487
-166.97477105
-183.875810433
-198.687710295
-210.804850337
-220.151160139
