Flow Output (mL/min)
Min Radius: 2.15 mm
Max Radius: 2.15 mm
-58.2654068279
-65.8958219594
-73.0407116981
-79.3003077099
-84.7583960475
-89.8712541414
-95.1797769897
-100.962042589
-106.981526411
-112.462354076
-116.340076301
-117.721401205
-116.382067609
-113.082245628
-109.510912226
-107.783454022
-109.578138865
-115.152816733
-122.574885661
-127.48372362
-123.577453843
-103.806333386
-62.0259116223
5.31093622498
97.9011137929
211.168582774
336.850290099
464.491245928
583.489486515
685.170481591
764.358937274
820.058551224
855.103599402
874.932580165
885.866718308
893.386902222
900.863635175
909.025721646
916.214305235
919.237971963
914.49289856
898.980259015
870.940339674
829.989253668
776.826960762
712.721330367
639.02022518
556.894098152
467.391884813
371.75232535
271.804461716
170.252935894
70.686135641
-22.7512377039
-105.955361514
-175.565125896
-229.563432218
-267.60338488
-290.972026393
-302.215251682
-304.543549468
-301.18871252
-294.874378494
-287.506976327
-280.113070107
-272.974435766
-265.867725388
-258.311389334
-249.752582666
-239.673139922
-227.634940076
-213.305082971
-196.495472252
-177.226789483
-155.798209105
-132.826752101
-109.222741988
-86.0892704932
-64.5637741904
-45.6445781297
-30.0529043654
-18.1675262812
-10.040690803
-5.47283386677
-4.10392785708
-5.47985444594
-9.07257093713
-14.2633354369
-20.324083241
-26.4399447143
-31.8003533714
-35.7524869969
-37.9733372012
-38.5932265773
-38.2073243092
-37.7450206606
-38.219293699
-40.4292262678
-44.7166347785
-50.8678857626
