Flow Output (mL/min)
Min Radius: 1.43 mm
Max Radius: 1.43 mm
69.8733801043
67.4463761614
64.576287777
61.3646879994
58.0885478127
55.1405479584
52.9037815068
51.5982595009
51.1591543681
51.2119346447
51.1834683375
50.5357678128
49.0557391258
47.1056235799
45.7423544288
46.6430121605
51.8212171209
63.1808912586
82.0149782546
108.590652266
141.94775269
179.977218574
219.767442768
258.136342788
292.220062273
319.972267391
340.448794554
353.813531396
361.086237378
363.727566124
363.191748016
360.568068782
356.392800449
350.659388075
342.996527866
332.934034725
320.154518509
304.647581447
286.732810506
266.97076353
246.014375366
224.462369566
202.767999449
181.234349302
160.092664886
139.623026388
120.257055559
102.613010009
87.446223039
75.530966582
67.5093131214
63.7492536826
64.252634584
68.6410698954
76.2222281683
86.109130621
97.3495159789
109.029971266
120.340599334
130.603577725
139.276684141
145.946000756
150.323779959
152.262509306
151.78108737
149.08293684
144.543688499
138.660874886
131.976979035
124.996294425
118.1146929
111.577584892
105.477417565
99.7923035763
94.4506904348
89.3942984529
84.6150276614
80.1590577132
76.107991379
72.5518150626
69.5650247861
67.1940043267
65.4610373896
64.3824238305
63.9862936377
64.311316467
65.3786361384
67.1485535003
69.4847068234
72.1447089483
74.8046175521
77.114445345
78.7733221321
79.6024716968
79.5866585459
78.8614396299
77.6469638477
76.1555253748
74.5118316458
72.7172266675
