Flow Output (mL/min)
Min Radius: 1.53500235 mm
Max Radius: 1.77 mm
-17.3119069763
-16.0232214897
-12.6212594964
-8.08995434132
-4.03203815156
-2.12200066504
-3.40200035668
-7.65808422041
-13.1157977374
-16.6194118875
-14.3181782813
-2.70977234586
20.2535838624
54.3426780874
96.7904021948
142.707574115
186.092690242
221.178284515
243.750538936
252.074181263
247.164512256
232.346142445
212.254675227
191.59304925
174.000497275
161.329555324
153.487287562
148.822890068
144.882424041
139.254311599
130.233681786
117.134953619
100.229794818
80.4170912469
58.8011265663
36.3551585563
13.7899565867
-8.35076645827
-29.4513953392
-48.5929055808
-64.4747398688
-75.5615583495
-80.423732155
-78.1579934175
-68.7391061695
-53.168534033
-33.3463544229
-11.6854981483
9.41669366612
28.0784712659
43.2474437895
54.7451809269
63.0570043507
68.9611504451
73.1338478061
75.8667482837
76.9895408986
76.0112348067
72.4066710862
65.9212001649
56.7713408926
45.6727739137
33.69633514
22.009723154
11.5960680462
3.04574704515
-3.51050204543
-8.31690766435
-11.8086182086
-14.4137488914
-16.4157511727
-17.9095754355
-18.842606744
-19.103451024
-18.6098898925
-17.3521339236
-15.3725777042
-12.7027930171
-9.30952178096
-5.09973421286
0.000695008300306
5.92489927606
12.3566346678
18.6928813173
24.1141670683
27.7640249204
28.9933322896
27.5841566035
23.8573059618
18.6045588081
12.8571210578
7.56985924763
3.33486999225
0.229407403295
-2.14033076651
-4.40586004141
-7.09633256929
-10.3308799309
-13.6848549479
-16.3074732642
