Flow Output (mL/min)
Min Radius: 6.450001 mm
Max Radius: 6.55 mm
-2568.07069076
-2517.63651183
-2469.51920303
-2450.56401064
-2482.66731029
-2577.00302725
-2723.92884956
-2881.69618034
-2974.89039856
-2908.63442799
-2591.51182295
-1954.72274341
-962.93355035
378.503434806
2017.6716138
3858.43057186
5778.01603202
7654.59563066
9389.85227489
10917.8691395
12205.5229972
13252.8024948
14091.4029892
14773.6061529
15352.2207373
15864.4786141
16329.9512753
16757.2116718
17146.7675614
17487.9471382
17759.1946823
17937.0341217
18005.3246597
17954.3555109
17772.8681806
17445.8996578
16963.0122707
16326.9252471
15552.6091177
14660.8230602
13677.0464047
12636.7684862
11586.4627738
10573.928651
9635.9655558
8794.92080001
8063.6101673
7447.99700603
6942.89880083
6528.40646471
6175.22137467
5855.21093454
5546.59401617
5231.01448979
4890.7603456
4512.95740623
4096.32950432
3651.38462829
3193.14918572
2734.88608997
2288.72640889
1868.92866996
1490.13600924
1160.9026558
880.407425819
642.767552174
443.537594034
280.419537551
148.385512396
36.9870654463
-65.7680904912
-167.999419464
-274.116826318
-389.445473494
-521.366868561
-673.698134345
-841.040365588
-1010.96950902
-1172.09254162
-1318.67246711
-1447.99871741
-1557.03455307
-1645.05212418
-1718.65017497
-1790.1223172
-1868.40176784
-1952.48812084
-2034.80954588
-2109.35123941
-2174.31013176
-2228.36873417
-2269.2805698
-2298.96430041
-2327.5297963
-2367.75487695
-2423.95473997
-2487.4959778
-2543.35041109
-2579.08554566
-2587.55077395
