Flow Output (mL/min)
Min Radius: 1.2 mm
Max Radius: 1.2 mm
44.8059321804
43.0933378395
41.3145243803
39.6285185938
38.1952138656
37.1172312067
36.3859184311
35.8619086403
35.3103804524
34.4889369072
33.2665130326
31.7420440166
30.3281234382
29.7651651376
31.0419970333
35.224927866
43.2309039303
55.6028924122
72.3457431585
92.8634927384
116.015878396
140.287143305
164.032921946
185.746491107
204.277826292
218.956105587
229.599879271
236.430696275
239.924807131
240.645782054
239.102327912
235.666777112
230.566845038
223.934132344
215.874286563
206.525201847
196.084312829
184.800819349
172.938913612
160.727531534
148.320723242
135.792071103
123.17124646
110.508991773
97.9439370632
85.7470173791
74.3293627585
64.2082692045
55.9336338218
49.9888905716
46.6930090345
46.1327293325
48.1419628851
52.3270701762
58.1255630008
64.8843055932
71.9438298838
78.7132986035
84.7211712411
89.635580094
93.2611396693
95.5243395865
96.4545709966
96.1609757733
94.8054925131
92.5771838513
89.6732549198
86.2863752732
82.5939038896
78.748013238
74.8711779954
71.0601941103
67.3944389501
63.9402118646
60.7481332582
57.8483230037
55.249162134
52.9402832057
50.8975026442
49.0902991085
47.4947145521
46.1098418088
44.9685805342
44.1331182815
43.6747237367
43.6468022481
44.0612652429
44.8735487115
45.9791367023
47.2253978933
48.4400897449
49.4688600539
50.2060367314
50.6055220336
50.6705079516
50.4310931736
49.9205447821
49.1577383532
48.1418414145
46.8643178412
