Flow Output (mL/min)
Min Radius: 1.17 mm
Max Radius: 1.17 mm
54.4513383764
51.2380229083
47.1356867835
42.0799717467
36.3276822147
30.4701776183
25.3100391989
21.623523856
19.8892239935
20.0929337706
21.6968576561
23.8007325734
25.4563184328
26.0471065226
25.615950325
25.0196046499
25.8255944509
29.9474586422
39.1112362839
54.3120375402
75.4258556768
101.095927252
128.93984816
156.040325616
179.599789448
197.579770403
209.14175167
214.768912679
216.050750741
215.208314837
214.49658331
215.639851895
219.441385133
225.658562803
233.153496854
240.244019749
245.130545702
246.278989275
242.681494544
233.964637219
220.354319991
202.53926741
181.497248511
158.345415392
134.243748548
110.339559749
87.721546124
67.3624808688
50.0513783855
36.3284522798
26.4388224793
20.3232764806
17.6642556535
17.989831026
20.8076870511
25.7173914754
32.4552168656
40.8582100154
50.768153139
61.9135181668
73.8116461141
85.7325368281
96.7548323743
105.913904781
112.39948546
115.73334558
115.865834853
113.164648815
108.304789997
102.091764524
95.2650503329
88.3387183825
81.5298349288
74.7934928122
67.9389304017
60.772799066
53.2185044351
45.3826581639
37.560194578
30.1831802888
23.7324489432
18.6454761767
15.2541608387
13.7646347463
14.2630401298
16.7208316482
20.9865545519
26.7706331941
33.6377424896
41.0191125813
48.25528369
54.6776508368
59.7233262051
63.0522216408
64.6179601094
64.6554486265
63.583403817
61.8550947825
59.8067211092
57.552145972
