Flow Output (mL/min)
Min Radius: 1.36 mm
Max Radius: 1.36 mm
19.5582162477
18.8491437432
17.7721720638
16.3312797497
14.8240357947
13.884106229
14.3981265371
17.2945506552
23.3180838264
32.9056139471
46.1694452714
62.9168246371
82.6753179696
104.762043709
128.408464997
152.861292865
177.366078964
201.04852882
222.813694055
241.358540779
255.284106148
263.245714349
264.131923342
257.299980188
242.828828183
221.658177717
195.503176922
166.568451689
137.186054683
109.474730805
85.0413753208
64.7452075051
48.6076719746
35.9477724226
25.7062908297
16.8096950527
8.44116856924
0.19528835201
-7.84905120828
-15.1445227828
-20.8238940414
-23.9631423739
-23.843040299
-20.0925331962
-12.705831471
-2.01063136088
11.366656338
26.5706312467
42.6508235489
58.7075038834
73.9620687808
87.7398001339
99.4433306877
108.580778852
114.81850809
117.989113059
118.052197354
115.07629315
109.278412335
101.067208895
91.0173138464
79.7843685523
68.0371250845
56.4415080768
45.6447556458
36.2035664793
28.4865905754
22.6348916342
18.6065977276
16.2435589029
15.3002268114
15.4573069889
16.3793292341
17.809351053
19.6211479904
21.779694904
24.2592088006
27.0023408141
29.9328255235
32.9630095177
35.966115389
38.7610697062
41.162006646
43.0603962761
44.4532142516
45.3874132818
45.8858166768
45.926914863
45.4698088256
44.466107807
42.8490333731
40.5544228774
37.6017571224
34.1735231177
30.6049466803
27.2782412346
24.503078101
22.4511011643
21.1331235854
20.3832217184
