Flow Output (mL/min)
Min Radius: 5.4800008 mm
Max Radius: 5.56 mm
-438.826613809
-436.422888207
-446.285688146
-466.386308654
-489.093681822
-507.637170569
-518.193342379
-517.411799797
-502.643990257
-477.479957542
-455.394160269
-454.251774523
-484.902458662
-543.671158733
-612.684141206
-662.876055636
-655.09892328
-542.822350913
-282.195841546
152.721889148
759.179384383
1505.59078841
2338.68421821
3191.33818475
3990.13853523
4666.30682975
5169.82515464
5479.84619789
5604.97705222
5575.03347623
5431.53427464
5221.17899423
4990.15897757
4776.46794196
4602.71247901
4474.86291441
4387.82416289
4332.12481197
4296.09837498
4264.60038849
4219.66031016
4144.85877112
4029.07956691
3865.6051745
3649.08378012
3376.23553692
3050.97394523
2687.80799992
2308.73437031
1936.82422105
1593.19783397
1298.13874505
1070.47549652
921.999726108
851.96774167
848.324113408
894.273369658
972.480334333
1063.70339294
1145.459943
1196.41326801
1203.35516747
1163.01687919
1077.54029425
950.725347916
789.987755556
609.603491802
428.206953015
261.588206795
118.72054788
4.52995111853
-76.2782794636
-120.605356603
-131.274279624
-117.13171965
-87.7279026985
-49.2049000856
-6.25022963689
33.7141207334
60.9121887471
68.1954444467
54.1580956265
20.8593794495
-29.7094897113
-95.0715140245
-168.939598439
-241.04664026
-301.972712567
-347.93121017
-380.427057454
-402.285417317
-415.522743412
-422.807674081
-428.632353703
-436.853887039
-447.024279657
-454.567870261
-455.424211723
-450.130706738
-443.063473642
