Flow Output (mL/min)
Min Radius: 6.2 mm
Max Radius: 6.2 mm
-1009.78863645
-1017.23400179
-846.346159914
-458.235403347
137.511476885
908.119666445
1813.75429029
2795.08216915
3763.04552967
4624.03773192
5323.47050626
5860.30519081
6259.53668024
6541.3154819
6722.34283436
6833.9818676
6917.05694629
6990.35610275
7033.36155282
7009.0282265
6899.10791904
6708.463062
6438.91579375
6074.46023742
5599.97458358
5024.81275231
4374.89178346
3663.20314536
2881.50183907
2027.01843693
1128.32714935
235.161444679
-613.038487062
-1397.24921491
-2098.39666259
-2682.33343169
-3117.77334292
-3404.96926125
-3574.45682498
-3655.42354061
-3654.91905297
-3572.728153
-3426.12150926
-3246.39915299
-3051.92973134
-2837.67159423
-2597.71116293
-2349.17852781
-2122.88743079
-1932.97336223
-1767.44631463
-1611.58400069
-1469.79218811
-1355.2832291
-1264.56877648
-1176.08085666
-1076.99208958
-980.63413655
-909.278378471
-865.931526548
-834.027521718
-803.75989193
-786.138112187
-794.545307128
-821.105879337
-842.729830834
-848.556076057
-849.253610153
-854.602409213
-851.62499494
-815.193492129
-736.940006316
-632.626719152
-519.390335507
-397.001598537
-259.974171012
-121.152021232
-9.62391480508
57.4740507785
91.3406285866
113.592953957
128.955283044
125.180199373
96.8203865576
55.8689868502
13.2407086851
-40.5575350609
-124.41592266
-237.60213325
-352.337718941
-439.050902914
-491.392619582
-520.79775227
-534.584382208
-532.98067532
-528.73982078
-555.343468119
-642.241957191
-781.667966804
-925.716946351
