Flow Output (mL/min)
Min Radius: 1.43 mm
Max Radius: 1.43 mm
65.7511192997
62.6127255164
59.2858077997
56.1410807167
53.5929195303
51.9451651427
51.2444418185
51.2118269378
51.3062674003
50.9241513085
49.6832921573
47.7031460211
45.7859342727
45.4210436015
48.5743941964
57.2847097603
73.1573357986
96.8943451065
128.000231044
164.753914437
204.463518042
243.947125251
280.125325135
310.578570126
333.926875189
349.939854723
359.368791928
363.574897865
364.076286309
362.141022989
358.525808615
353.412208456
346.53258086
337.41884711
325.672143086
311.158542089
294.07980341
274.921658294
254.320842293
232.909558269
211.196802885
189.530622705
168.152013513
147.309331717
127.374281574
108.903687062
92.6197674489
79.3144270173
69.7052889761
64.2830292699
63.1942932849
66.1972807988
72.7026141034
81.8791395818
92.7832824199
104.473560874
116.090530115
126.899612636
136.303219228
143.83459627
149.151517942
152.045878341
152.469950359
150.560917538
146.639393122
141.17033762
134.693568607
127.741228999
120.760080524
114.055448686
107.772678472
101.92350964
96.4464155272
91.2735219445
86.3768505889
81.7828760416
77.5615392826
73.8021137289
70.5867303586
67.971499725
65.9845196259
64.6421857717
63.9707828856
64.0123887745
64.8031893073
66.3319370703
68.4995599099
71.0995268292
73.8292975618
76.3349590414
78.2830209551
79.4405920168
79.7330065605
79.2501959361
78.1948948603
76.7940794205
75.210723939
73.4896643204
71.5572550751
69.277820331
