Flow Output (mL/min)
Min Radius: 1.36 mm
Max Radius: 1.36 mm
19.9436223157
19.8970664478
18.9375431274
16.854840832
13.9158227553
10.9593609476
9.31720443755
10.5668375796
16.2027850524
27.3197946528
44.3578054349
66.93859391
93.8423931616
123.167958997
152.652096325
180.046631436
203.442159805
221.488754225
233.516198378
239.552337195
240.220330301
236.525393617
229.602421269
220.512452679
210.122490099
199.043478014
187.601767314
175.858973577
163.700101418
150.962501845
137.542654147
123.446161103
108.80255691
93.8770113168
79.0697596797
64.8699257287
51.7662787875
40.1671355651
30.3751179467
22.6061688012
17.0096954457
13.6743245383
12.6414263916
13.9356495924
17.5770183016
23.5342680614
31.6332846845
41.4832450048
52.4664608901
63.7828620538
74.5192060041
83.741366093
90.6255556629
94.6090121194
95.4944859754
93.4545606208
88.9475608559
82.6022233037
75.1095770352
67.1206447703
59.1503369701
51.5219399417
44.3878851071
37.8098360768
31.8341134765
26.5165356871
21.9096677017
18.0509016857
14.9598684124
12.6244222611
10.9739682956
9.87619299339
9.18472440484
8.81080055567
8.76035236087
9.11151189403
9.96306182557
11.3933140439
13.4318929184
16.0269401292
19.0177832104
22.1512180672
25.154383104
27.8206799235
30.0489693729
31.8224644332
33.1640426605
34.1016042018
34.6409055037
34.7361732049
34.2806282923
33.1527719539
31.312062591
28.882125113
26.1598299933
23.5455716754
21.436643852
20.1190132374
19.668035512
19.8783379842
