Flow Output (mL/min)
Min Radius: 1.53500235 mm
Max Radius: 1.77 mm
1.00310605757
2.97228873429
4.08943777329
3.13128697926
-0.637499470985
-7.01534015233
-14.6080373443
-20.9002680996
-22.7078903067
-16.9270772888
-1.37433093159
24.5244613028
59.3862577747
99.9657559327
141.699890484
179.602454509
209.296196106
227.902938355
234.549138001
230.375786925
218.092702294
201.221702204
183.224635709
166.732376866
153.072545741
142.208639991
133.062878536
124.069466929
113.761364943
101.23086082
86.3689852695
69.846366392
52.8593827809
36.7394832937
22.5750322341
10.9767970558
2.03617309491
-4.55824404124
-9.31477528852
-12.7090582507
-14.9932639143
-16.107722624
-15.7321027667
-13.4512436445
-8.95659142108
-2.20420041179
6.50557469095
16.5251937296
26.9294002924
36.6555701766
44.6910757838
50.2522934603
52.9012923922
52.5857829975
49.6224741387
44.6401042873
38.4771177935
32.0334922118
26.1088603195
21.2774998166
17.8285267659
15.7634569738
14.8343191148
14.6212462242
14.6496251528
14.5183370475
13.9873944144
12.9924509322
11.600503658
9.94673592286
8.1782887599
6.40886633096
4.69064048668
3.02260810069
1.40141319286
-0.11706688081
-1.39554307665
-2.25421139013
-2.54521544451
-2.21970558994
-1.36368570479
-0.198433024142
0.960974071963
1.79695479248
2.11128677422
1.91980215594
1.45974505535
1.09725203344
1.17869471436
1.88819412827
3.15659923268
4.64946957412
5.85393430665
6.260896928
5.58687082335
3.93472080726
1.80432168322
-0.0665112440684
-0.975091523999
-0.548087719454
