Flow Output (mL/min)
Min Radius: 3.6588907444 mm
Max Radius: 3.8444444444 mm
-379.655790699
-381.981390696
-405.285899173
-447.145964029
-495.159658945
-528.070530686
-519.532325206
-443.632254669
-281.080162763
-24.6742014376
317.633775298
723.366808702
1159.86408648
1590.94183539
1983.89431228
2315.1973493
2573.86576568
2761.81724653
2891.10907934
2978.86420549
3041.64733215
3091.15570698
3132.20118423
3162.87185176
3176.25560591
3163.10063865
3114.70635778
3025.10521025
2891.75377718
2714.75971031
2495.5311073
2235.84764334
1937.72874446
1603.88429798
1238.47715382
848.068747382
442.442895024
34.6714025377
-360.069744108
-726.682421727
-1052.42856749
-1328.50994229
-1550.7498027
-1719.55031936
-1839.18957787
-1916.43403606
-1958.77628808
-1973.00108405
-1964.61216758
-1937.97688883
-1896.60345311
-1843.20225066
-1779.67264295
-1707.23217917
-1626.58085069
-1537.87369385
-1440.61606555
-1333.89937277
-1217.13668757
-1090.88712267
-957.197574868
-819.343369539
-681.324839555
-547.420340321
-421.733759509
-307.624196958
-207.245275096
-121.577028583
-50.9443612797
4.48499087266
44.6869115004
70.1655282452
82.2798858013
83.2617175111
76.0541009439
64.0946807568
50.8749839182
39.1137325788
29.8435182439
22.0546883144
13.2418218795
0.531605062695
-18.2347644801
-43.8152548463
-75.2798318058
-110.153835639
-145.173364469
-177.591678403
-206.422564401
-232.813934272
-259.269338745
-288.192888748
-320.506266375
-354.813807156
-387.313012159
-412.642776919
-425.763941422
-424.412551302
-411.001718568
-392.8132888
