Flow Output (mL/min)
Min Radius: 2.15 mm
Max Radius: 2.15 mm
-68.4296369349
-75.8773266273
-82.4535568644
-88.1963811146
-93.5426547159
-99.042906357
-105.002982552
-111.211769039
-116.895120706
-120.954787368
-122.433483138
-121.036724634
-117.484319635
-113.489766104
-111.276054781
-112.700955906
-118.229252761
-126.092795763
-131.97638236
-129.446275694
-111.127079626
-70.3938836418
-3.15700387472
90.7574284785
207.053807301
337.45506115
471.163029864
596.94659425
705.330951365
790.329765776
850.291272243
887.680367406
907.91447587
917.622023793
922.825230817
927.529199167
933.041318593
938.105592319
939.69469717
934.133176402
918.174565994
889.728156251
848.091580305
793.731685537
727.803027023
651.654654269
566.538891047
473.623175623
374.265321229
270.397805392
164.818798765
61.220661967
-36.1155240789
-122.906807875
-195.579774861
-251.90165751
-291.348934527
-315.113316612
-325.755412457
-326.616312243
-321.154730233
-312.377512449
-302.480564764
-292.73869268
-283.606386228
-274.942454207
-266.261508165
-256.940447173
-246.35170449
-233.936096284
-219.250152328
-202.019931842
-182.211476881
-160.101139531
-136.311991768
-111.784535218
-87.6704569084
-65.1676976932
-45.3397334061
-28.969971711
-16.4893423872
-7.98681339801
-3.28117460103
-2.01202740478
-3.70768793128
-7.80766228679
-13.6480505972
-20.4448214806
-27.3187186812
-33.3905613606
-37.9417239771
-40.5959804491
-41.4537682961
-41.1122429032
-40.5374054723
-40.8079501738
-42.8039409579
-46.9442530412
-53.0692665968
-60.518388595
