Flow Output (mL/min)
Min Radius: 3.033335 mm
Max Radius: 3.2 mm
-106.022326487
-109.282356499
-111.39532936
-112.651922781
-113.434558542
-114.881770606
-118.567291027
-125.065941441
-132.992697291
-139.783475923
-143.44886992
-143.512825309
-140.663663456
-136.317907233
-132.906392521
-133.90236101
-142.245748563
-157.709792038
-175.39173722
-186.557306463
-180.763112534
-147.599595203
-78.0475305695
33.4182267174
186.114264199
371.818419687
576.3392584
782.994281527
975.695362047
1140.76885709
1268.50661123
1355.03284168
1403.2177665
1421.15995118
1418.89624209
1405.67001277
1389.02180651
1374.70588577
1366.0804866
1363.37142704
1364.22066405
1365.56670495
1365.12314008
1361.1705562
1351.51229472
1333.32766424
1304.17337012
1262.75533752
1208.60136399
1141.52413502
1062.12274715
972.981530646
878.985955806
786.091552341
699.704484096
624.074550364
562.540988718
517.378163527
488.862287794
474.676324211
470.675074843
472.420448845
476.010048689
477.79580706
474.11444257
462.00329077
440.300215714
409.785991372
372.196617729
329.367563728
283.432254255
237.36362943
194.570144063
157.603470206
127.400724068
103.880487741
86.9438831796
76.5009390545
71.6616755531
70.5034069542
70.9942644374
71.9208300338
72.5901833305
71.8279534696
67.850564366
59.3776931274
46.5782905946
30.6594222573
12.790243537
-6.1344048507
-24.800018238
-41.2726149808
-54.0521394878
-63.2258586931
-70.2175184115
-76.4092660858
-82.3098210821
-88.0076322898
-93.811557734
-99.9159392699
