Flow Output (mL/min)
Min Radius: 14.400003 mm
Max Radius: 14.7 mm
-6600.25039969
-5363.53500282
-3001.75620545
550.260642082
5268.77076516
10913.3761018
17012.9938886
23043.0165961
28618.6771599
33510.942593
37533.2589325
40506.1294315
42361.8905895
43222.1324805
43302.7280991
42745.2448245
41584.6570311
39877.4219396
37794.4978149
35542.7749231
33227.8720492
30852.0743821
28440.5874758
26101.0731535
23919.5171912
21838.1666436
19696.8131417
17393.52173
14956.8332702
12451.8846016
9877.83050859
7215.75050362
4556.06418871
2108.29590754
58.0965521705
-1546.29895087
-2736.79286916
-3496.44449994
-3753.03501235
-3504.75308306
-2891.498176
-2100.60291374
-1232.51856824
-307.910825943
607.566180722
1354.2443513
1788.10051943
1901.05209523
1785.27230157
1495.02527346
1001.33422169
295.634216395
-518.934701725
-1291.66953123
-1960.41488758
-2569.4634247
-3146.78782874
-3618.80184494
-3885.69004823
-3949.31640357
-3911.18921157
-3845.55140274
-3730.50968865
-3532.25026277
-3312.47410908
-3193.39829822
-3220.40400843
-3313.05015135
-3373.2435348
-3399.67206482
-3454.61550038
-3544.39177569
-3596.30133009
-3568.85695311
-3532.00668557
-3591.44587325
-3753.85978003
-3917.58886488
-3999.10005385
-4018.90268652
-4036.69084596
-4045.16492696
-3986.74240509
-3870.04236692
-3807.81739022
-3902.96254455
-4126.16471376
-4346.52521634
-4468.94807255
-4494.80561056
-4446.86771709
-4299.6988211
-4040.76638655
-3779.97231761
-3730.8428363
-4048.62058701
-4702.85568383
-5513.57854358
-6263.16234563
-6720.03366251
