Flow Output (mL/min)
Min Radius: 1.05 mm
Max Radius: 1.05 mm
29.6077258002
28.6302091219
27.615149423
26.5168493448
25.314486706
24.0401761212
22.7985549981
21.7686557556
21.1846103379
21.3021694788
22.3640772974
24.5744368874
28.0853353119
32.9951860847
39.3573800176
47.194812595
56.5102343398
67.2808043109
79.4326001737
92.8026053806
107.102580164
121.898024175
136.611179448
150.5542234
162.994983284
173.248315376
180.774423854
185.259683687
186.660715037
185.203595635
181.33930601
175.662357121
168.806185678
161.336929375
153.670357753
146.029734824
138.44884349
130.813332234
122.928973107
114.603368842
105.724171441
96.3150356336
86.5560420083
76.7672557655
67.3643720787
58.7983379249
51.4893777033
45.7659784141
41.8209904899
39.6943701091
39.283233531
40.3708773259
42.6641489171
45.8320937739
49.5414922151
53.4840392337
57.3900882569
61.0292194378
64.2048692104
66.7516481009
68.5386159285
69.4761711595
69.5236687812
68.6969108316
67.0737274283
64.792336984
62.0371358077
59.0127673081
55.9143540458
52.902740333
50.0889446337
47.5282203392
45.2243105046
43.1446642868
41.2433747559
39.4832747041
37.8486336604
36.346315808
34.999617075
33.8396311928
32.8959898549
32.1880197058
31.7195294142
31.480504597
31.4542203196
31.6233071512
31.9693124004
32.4664829574
33.0749435534
33.7372240932
34.3788020189
34.9130080312
35.2522220796
35.3255882657
35.0977385754
34.5792463416
33.8228713754
32.9073446686
31.9153039118
30.911547747
