Flow Output (mL/min)
Min Radius: 1.36 mm
Max Radius: 1.36 mm
16.9852930236
15.4701691264
12.855978358
9.63774085984
6.94544055191
6.300832148
9.28864811229
17.246145413
30.9683081043
50.444479438
74.752990547
102.241698351
130.94688525
159.034779791
185.080596723
208.169041852
227.888488983
244.228933654
257.342343745
267.218588419
273.465422487
275.353343485
272.090374271
263.143432087
248.469322931
228.648928959
204.938949065
179.171046319
153.423041377
129.538763859
108.719021827
91.3598006957
77.127403985
65.1535550603
54.2925161901
43.456844713
31.9884984388
19.9053878539
7.88344249676
-2.98890590464
-11.5107221325
-16.6015956362
-17.48373598
-13.8542720927
-5.98960805655
5.31911038878
18.9867710101
33.8642450161
48.8561997575
62.9571847727
75.3101359097
85.3008081258
92.5950291428
97.0672581379
98.7011871575
97.5723386505
93.9017116635
88.0682907003
80.5295025041
71.7327168977
62.114386589
52.1573031932
42.3921904879
33.3078750304
25.2617850979
18.4777544892
13.0922607309
9.1492465477
6.53751852683
4.97613586093
4.11560742922
3.68154199595
3.53690854964
3.64574911422
4.03147106774
4.78597166608
6.06898658662
8.02326237932
10.64988825
13.7692510855
17.1115760005
20.4394900472
23.5906338321
26.4493603379
28.9361856876
31.0366693559
32.7922990364
34.2064513299
35.1465726645
35.364704723
34.6404443436
32.9216307179
30.3609767539
27.2737612614
24.0912699426
21.3051546859
19.3356920291
18.3341097862
18.0550256285
17.9279158551
