Flow Output (mL/min)
Min Radius: 0.91 mm
Max Radius: 0.91 mm
-4.60744827049
-5.22643742276
-5.93410760657
-6.65582990022
-7.33360699468
-7.94551507711
-8.50898603158
-9.06588482188
-9.65498401192
-10.2834558282
-10.910721702
-11.4542229545
-11.8183099959
-11.9373522013
-11.8162305506
-11.549079181
-11.3021899175
-11.2584600234
-11.5351787047
-12.0993392419
-12.7102396183
-12.9150446922
-12.1095135805
-9.65683126135
-5.03831012115
2.00303089189
11.3667083336
22.5768991219
34.8521767911
47.248437043
58.839913032
68.8923454921
76.9847534531
83.0511173815
87.3360346908
90.2820569509
92.3838678686
94.0507540068
95.5126622414
96.7891813274
97.7206083831
98.0424259942
97.4743822352
95.7954135334
92.8848454678
88.7246828872
83.3719942227
76.9195625733
69.4644188542
61.0978156197
51.919508175
42.068191903
31.7527299491
21.2678801561
10.9836512503
1.30693802713
-7.37590726201
-14.7600156955
-20.6694255562
-25.0781660709
-28.1003338257
-29.9536193005
-30.9077472063
-31.232083889
-31.1547821411
-30.8404739381
-30.386941965
-29.8357952303
-29.1895864154
-28.4284151787
-27.5219883119
-26.4367261478
-25.1401706173
-23.6056711347
-21.8190962226
-19.7870234685
-17.5437971082
-15.1541130851
-12.7088105926
-10.3138836904
-8.07531891352
-6.08402795129
-4.4051047908
-3.07388488592
-2.09858302158
-1.46683407157
-1.15235144912
-1.11864337111
-1.31893700604
-1.69409932893
-2.17210955353
-2.67257312159
-3.11771798739
-3.44805728738
-3.63786342164
-3.70425933008
-3.70497077437
-3.7234214992
-3.84463309705
-4.12941527193
