Flow Output (mL/min)
Min Radius: 1.8800005 mm
Max Radius: 1.93 mm
-33.5805871224
-39.2561650636
-45.3012989498
-51.6756788529
-58.1987456668
-64.5824450312
-70.5113237952
-75.7386602543
-80.1590559599
-83.8253130253
-86.8988255513
-89.5506859098
-91.8544073577
-93.7202860949
-94.9102873692
-95.1426177989
-94.2560856409
-92.370133639
-89.9613903941
-87.7908544992
-86.6573132891
-87.0119302472
-88.5279545007
-89.757753698
-88.0108667259
-79.545855325
-60.0929191784
-25.6329168123
26.722415873
97.9498086083
186.628484332
288.88554727
398.811867181
509.27639762
612.971876928
703.471648297
776.079709281
828.312229786
859.942040009
872.641800229
869.348846709
853.523540897
828.473943516
796.877403475
760.560402411
720.523837364
677.142846438
630.442086352
580.352351922
526.885595813
470.20884349
410.637493465
348.592678695
284.570215919
219.152424272
153.067074417
87.2708935176
23.0181036226
-38.1271627575
-94.3621877343
-143.804702598
-184.717688675
-215.757715928
-236.195473386
-246.06106393
-246.181765054
-238.101829492
-223.896989543
-205.915590652
-186.490214558
-167.66673955
-150.992349935
-137.391756738
-127.144385412
-119.95749559
-115.114172127
-111.663659349
-108.61671335
-105.111458573
-100.525016169
-94.5206136173
-87.0353871951
-78.2266260693
-68.4004926469
-57.9458342509
-47.2875518596
-36.8623132395
-27.1085869723
-18.457079897
-11.3088734309
-5.99630292127
-2.73267468727
-1.56651157241
-2.35970421311
-4.80440526308
-8.48167251632
-12.9498080155
-17.8378460346
-22.9150318634
-28.1130715371
