Flow Output (mL/min)
Min Radius: 3.4733351889 mm
Max Radius: 3.6588888889 mm
-384.596637855
-371.145945375
-354.677639278
-340.164189062
-332.910417602
-336.570786178
-351.002246377
-370.57831597
-383.622245592
-373.387417431
-320.57083029
-206.891888494
-18.9804941424
248.272209655
589.683389624
989.629066895
1423.92492586
1863.3605134
2278.07642309
2641.81870078
2935.23655981
3147.67792508
3277.27433311
3329.47026571
3314.5083595
3244.60683221
3131.53328532
2985.01333044
2812.08410257
2617.26397693
2403.27654905
2171.98690582
1925.19115833
1665.01033059
1393.8659486
1114.22297913
828.344423466
538.220053931
245.725278438
-46.9969712699
-336.997435535
-619.987135615
-890.046527829
-1139.76964769
-1360.87430358
-1545.15057072
-1685.56043525
-1777.31239038
-1818.73209619
-1811.73104575
-1761.72110905
-1676.96811459
-1567.53718175
-1444.04849291
-1316.43495155
-1192.86230049
-1078.9784975
-977.637670764
-889.130330932
-811.794912267
-742.802763435
-678.939200707
-617.270171841
-555.610546578
-492.722163536
-428.239056397
-362.431307138
-295.974512722
-229.828049103
-165.209698777
-103.598231689
-46.7172057164
3.52331946394
45.1675852445
76.4797775564
96.3027164993
104.373568774
101.438932453
89.1081210476
69.5082139584
44.8569781571
17.0554631446
-12.607302553
-43.5370969308
-75.6469882683
-108.967097732
-143.243620161
-177.726682261
-211.229899424
-242.410018247
-270.150213317
-293.917837648
-313.95485112
-331.168003389
-346.685512624
-361.229421714
-374.594618003
-385.508849882
-391.987183006
-392.103612819
