Flow Output (mL/min)
Min Radius: 2.6 mm
Max Radius: 2.6 mm
21.6481388266
10.5379405091
0.238479692391
-7.07576450684
-9.9896839309
-9.15197484321
-7.1935718197
-7.47103487639
-12.8336503303
-24.9014398392
-43.2436883607
-64.1453772608
-79.9216012867
-79.9962854346
-53.5855885853
7.49713255714
107.078645258
243.796360804
410.7076495
595.658869794
783.198594011
957.889723818
1107.59037345
1225.29252086
1309.3904076
1363.16912063
1393.92140004
1411.35724358
1425.19885845
1442.83640084
1468.22402152
1502.23039321
1543.54075733
1589.25309214
1635.26843146
1677.0368483
1710.59300518
1733.10996355
1742.56193484
1737.12925072
1715.27714626
1676.52986729
1622.04375418
1554.38486425
1476.96976839
1393.91833269
1310.19706076
1231.21614164
1161.62071433
1104.14677431
1059.47561838
1026.86351754
1004.54309426
989.564067832
977.839839149
965.041493323
947.781996833
924.026595897
892.643298581
853.084518284
805.807044166
752.76009491
696.987622394
641.53930869
588.798944077
540.69299619
498.997139318
464.939412224
438.505323201
418.470094631
403.273016454
391.720297384
382.789040418
375.078050797
366.876514995
356.839168394
344.348583517
329.128011995
310.791920845
289.117114229
264.7410381
239.302711755
214.72181247
192.390763666
173.043885229
157.070888052
144.526268985
134.743781127
126.269893605
117.563251406
107.903346806
97.6046769364
87.4289219199
77.953134049
69.4718086148
62.148417816
55.8539892936
49.8009963736
42.667196111
33.4604391245
