Flow Output (mL/min)
Min Radius: 3.4600024 mm
Max Radius: 3.7 mm
-159.503492572
-181.636414301
-182.775776981
-141.808760761
-38.2391602439
139.177566514
387.499621786
691.540096477
1028.92346306
1373.33894109
1696.43264896
1972.17470986
2183.73319415
2327.52379473
2410.47039842
2443.40550393
2436.78705037
2400.3832431
2342.99033057
2269.42959197
2177.79355913
2061.3272021
1913.93064562
1733.61381661
1521.05174082
1276.83141495
1002.07936623
701.633310936
384.89908476
62.7802838905
-255.262835703
-560.21903661
-840.675379356
-1083.18918508
-1276.63513838
-1415.70743744
-1499.82828519
-1529.83084716
-1507.22882491
-1436.37200474
-1325.09506008
-1181.53420706
-1010.64305133
-815.003030681
-599.028293109
-371.268827676
-142.342496891
78.0702016999
281.137892381
456.949590421
595.228332684
689.474465233
739.984960819
752.021588563
731.43473342
682.881460477
611.580103911
524.48874854
428.095471745
325.563559586
217.513637576
105.839143283
-4.38268107953
-107.308368653
-199.623533426
-280.316425627
-347.722083619
-398.433554226
-429.704697955
-441.682041052
-435.973039591
-412.486187217
-369.273227771
-306.095123397
-227.231968784
-140.021769464
-51.3137794316
33.6439654194
109.510496468
170.351986026
212.463697743
237.238239351
249.848174516
254.672151515
252.541544487
242.265473994
223.318932478
195.88033602
159.197594953
112.223487629
57.0652164523
0.935947067169
-46.7631229076
-79.7831222178
-97.5478184446
-103.500143732
-102.807588905
-102.089776232
-109.047487676
-128.745135543
