Flow Output (mL/min)
Min Radius: 0.91 mm
Max Radius: 0.91 mm
-5.30224900656
-6.00736443661
-6.73955622776
-7.43543692535
-8.06585599065
-8.64239172238
-9.20514314557
-9.79621209894
-10.4298911081
-11.0732165449
-11.6476684359
-12.0549354886
-12.2194280401
-12.1314756788
-11.8716169622
-11.6002049835
-11.5072637662
-11.7320120179
-12.2748233957
-12.9315766689
-13.2780081182
-12.7194954673
-10.6027700029
-6.36605869424
0.310392849772
9.39541277701
20.4729537271
32.7971851769
45.4263398713
57.402861505
67.9342457476
76.5289061909
83.054455929
87.7079251441
90.9118274525
93.1692807753
94.9200212682
96.4350847123
97.7731845358
98.8016414457
99.2657557429
98.8785588354
97.401051748
94.6909152767
90.7116779851
85.5091322759
79.1722576666
71.7988361236
63.4810186018
54.3158167759
44.4340684173
34.0331924683
23.3969064973
12.8895370223
2.92170060196
-6.10553609
-13.8631470859
-20.1458650188
-24.8990125558
-28.2140755257
-30.2959478094
-31.4124476053
-31.840376118
-31.8212866582
-31.5351961886
-31.0938576236
-30.5493861573
-29.9108433789
-29.161449789
-28.2717349412
-27.2075842481
-25.935091006
-24.4252180989
-22.6603335443
-20.6424688199
-18.4009410289
-15.9959674052
-13.5156425983
-11.0658480009
-8.75532662207
-6.68006884031
-4.91142776227
-3.49086651492
-2.43158933449
-1.72469720056
-1.34610247886
-1.26086236792
-1.42363749933
-1.77667503414
-2.24873685496
-2.75867354438
-3.22557024545
-3.58419896528
-3.80127446092
-3.88627156292
-3.89135717203
-3.89833716309
-3.99530628626
-4.25005233384
-4.68931385008
