Flow Output (mL/min)
Min Radius: 1.36 mm
Max Radius: 1.36 mm
19.8592797162
19.4024542797
19.942603656
21.1398073481
22.3797354513
22.9600156815
22.3752518544
20.6262868109
18.4316101272
17.2273124796
18.9192287072
25.4465243789
38.2724415499
57.9283148986
83.7295505834
113.762988942
145.187377448
174.786366782
199.616034614
217.560221571
227.657062701
230.141207073
226.214323757
217.612084515
206.092354931
193.005263993
179.07856572
164.458432304
148.943055271
132.294877528
114.522735477
96.0513079736
77.7227997358
60.6212091722
45.78022081
33.8941281334
25.1479666722
19.2182521084
15.4222660487
12.9567576162
11.1601610898
9.72748195352
8.80546480309
8.92657795094
10.807409268
15.0961611976
22.1595397183
31.9584840729
44.0217469157
57.5121010727
71.3721776928
84.5125263333
95.9801424144
105.057079441
111.285474351
114.453359258
114.571596913
111.844673618
106.628402517
99.3829562361
90.637975774
80.9683371703
70.9589637274
61.1477546315
51.9681064443
43.724504254
36.6087858646
30.7326721983
26.1513589228
22.8765308247
20.8879391306
20.1387158999
20.5400804668
21.9302518321
24.0596624374
26.6207391935
29.3136285318
31.9101440909
34.2868016156
36.4255308972
38.3908693007
40.2828580126
42.1662849653
44.0018788673
45.6233707668
46.7834968539
47.2455646416
46.8710673634
45.6683929315
43.7959600107
41.5231622958
39.1508794238
36.9076924771
34.8669605642
32.9367134556
30.9365042648
28.7209674037
26.2865692524
23.8170492718
21.6532668804
