Flow Output (mL/min)
Min Radius: 1.36 mm
Max Radius: 1.36 mm
18.8387501403
17.436871246
14.6618706106
11.0666553763
8.03465551064
7.42363265157
11.0677993299
20.3253870187
35.7140640234
56.6608440194
81.5074989933
107.910830314
133.545834941
156.779570915
177.009233974
194.608325605
210.607449861
226.210581091
242.188266342
258.287409599
272.948048203
283.55734246
287.171072845
281.37580477
264.983602745
238.438218393
203.902320254
164.949648209
125.817474109
90.3954949993
61.3381609758
39.630540847
24.6557242134
14.5989496332
7.03746476992
-0.353793351005
-9.10625044842
-19.5214490239
-30.698487114
-40.9706623927
-48.4766734247
-51.6284349023
-49.4300147972
-41.6851862448
-29.0467380401
-12.8160388723
5.45950028306
24.3695537711
42.8122901503
59.9754513336
75.2855825892
88.3982174973
99.1550236446
107.452470882
113.115863734
115.91518575
115.708244108
112.550135836
106.668501168
98.3864020574
88.1250748337
76.4746550055
64.1965833232
52.0978173622
40.8831726048
31.1087261795
23.2059331143
17.4502276673
13.8531407033
12.1121531492
11.7269656913
12.2074667587
13.2044157428
14.5097759501
16.0270817398
17.7901788311
19.9637599364
22.7265051205
26.0857245139
29.7957100471
33.4640521196
36.7348117238
39.3866769487
41.3259661189
42.5743374005
43.2876149518
43.7157129656
44.0413708157
44.2035220002
43.8838453334
42.6908687469
40.3873673414
37.0037049402
32.8351133923
28.4048634578
24.3924556113
21.4452036336
19.8842373264
19.4875088059
19.5422347279
