Flow Output (mL/min)
Min Radius: 1.43 mm
Max Radius: 1.43 mm
67.991259299
65.1979126006
62.0288759079
58.7307385794
55.6835954477
53.2858417963
51.8001635138
51.2193439628
51.2196805458
51.2472806532
50.7326820402
49.3760138041
47.4124278045
45.764156705
46.0076399329
50.1281069511
60.0960436404
77.3648534091
102.428941045
134.574069409
171.898996198
211.612394233
250.537194275
285.700796796
314.863872036
336.853735725
351.624742222
360.051658414
363.539150518
363.572311611
361.332554719
357.470929865
352.079790721
344.843542394
335.294633462
323.073427441
308.103890342
290.642535559
271.209953013
250.450466213
228.980342989
207.282095598
185.68292421
164.420298927
143.758503651
124.09738599
106.021563944
90.2675553874
77.6181647977
68.7549333824
64.1101687736
63.761952097
67.4047010281
74.4020309271
83.8980157781
94.945746451
106.617161664
118.076580987
128.617041559
137.667800848
144.787196274
149.658651968
152.102949392
152.104263876
149.830827851
145.627947898
139.974273397
133.409708144
126.45273987
119.525724338
112.905221194
106.711506748
100.941137041
95.5288636221
90.4117681806
85.5708750248
81.0414817514
76.8991344504
73.2339309769
70.1246350916
67.6226547491
65.7534210044
64.5338033822
63.9913497351
64.166108668
65.08612392
66.7259924994
68.96920753
71.5930068545
74.2853352386
76.6945898123
78.5033991916
79.5053025897
79.6539558452
79.0599457376
77.9327138291
76.4912445682
74.8803352641
73.1247204916
71.1384893224
