Flow Output (mL/min)
Min Radius: 3.5000009 mm
Max Radius: 3.59 mm
-122.273551268
-125.181789523
-125.927858756
-126.402423563
-129.666410906
-137.266811101
-147.760678371
-158.07205802
-165.81204096
-169.883377147
-169.594927416
-164.797627907
-157.720532962
-153.818083468
-159.18900026
-176.140349503
-200.831650039
-224.34101926
-234.653131576
-217.399526349
-156.85479968
-39.7879376251
138.877288426
372.955575222
646.794846247
939.498922191
1227.99713991
1489.02220842
1702.58442456
1856.97731316
1951.60173756
1994.90034703
1999.53231936
1979.02344217
1946.8532643
1915.31351131
1892.67629128
1881.05343153
1877.71778052
1878.7244674
1881.00549756
1881.50150538
1875.87006666
1859.33239423
1828.64118949
1782.38951301
1719.4033923
1637.90734027
1537.16677322
1419.81021985
1291.97668684
1161.19902277
1034.57316319
918.752746559
820.372098077
744.896641813
694.385822512
666.61181941
656.605167394
658.857557801
667.951931186
677.840812009
681.918994763
674.802489514
654.10564701
620.211611425
574.545193244
518.709971723
455.413449158
389.348794512
326.058850363
269.601274773
221.649457269
182.823322086
154.056238635
135.942817369
127.137832205
124.457449039
124.959620626
127.329409117
130.758397051
133.0874231
131.095338376
122.747134052
108.37489808
89.3168090432
66.2171645197
39.5537401091
11.4431094221
-14.3869694947
-35.0657850522
-50.5159481236
-62.4835027725
-72.2277091696
-80.0079469926
-86.536875438
-93.5703215683
-102.228039746
-111.306024959
-118.232018524
