Flow Output (mL/min)
Min Radius: 1.30000235 mm
Max Radius: 1.535 mm
1.15774408721
2.34600127264
3.75968323759
4.53038309994
3.80380389824
1.08409323868
-3.46938656134
-8.88201055451
-13.4196952142
-14.8978603842
-11.1928630134
-0.813088681963
16.6452757751
40.2883277749
68.0128375498
96.8778988626
123.688431779
145.658135909
160.97346146
169.096219706
170.733065795
167.514437363
161.49900579
154.637461841
148.321672462
143.12889292
138.826120726
134.614482972
129.505130876
122.685258222
113.769815239
102.897213486
90.6703707835
77.9694435988
65.6945691532
54.5298918647
44.8158332244
36.5603972782
29.5523371475
23.511255752
18.2261749192
13.6551968366
9.96102964422
7.46164851983
6.50760324218
7.3394058523
9.98640666859
14.2329459018
19.6382755647
25.591144628
31.3958820114
36.3860503312
40.0381341378
42.0459436173
42.3396425199
41.0668879221
38.5581748376
35.27542668
31.7317144953
28.3914863663
25.5868590943
23.4794764952
22.065597666
21.2041953594
20.6601489885
20.1684991763
19.5121589048
18.5799135205
17.3733954821
15.9671887578
14.4567934244
12.9229610521
11.4141157779
9.93923973387
8.47681929467
7.00930093374
5.56927105582
4.26029857371
3.22774967225
2.59532063307
2.40779262913
2.60676938519
3.03905225943
3.49053249483
3.74694531276
3.67546091547
3.29326016056
2.77622416534
2.39012060526
2.37626191251
2.84693212433
3.72919323545
4.76913111856
5.59857641294
5.86014571419
5.35978641152
4.18051684273
2.68884468692
1.41400870364
0.844858035547
