Flow Output (mL/min)
Min Radius: 1.8300005 mm
Max Radius: 1.88 mm
-25.2148378326
-26.2588194171
-28.7370965131
-32.7703295299
-38.0757236859
-44.0753427743
-50.1072644493
-55.6610110478
-60.5444010128
-64.911534612
-69.1350787753
-73.5711076449
-78.3156041845
-83.0657040924
-87.1659735984
-89.8485648724
-90.590683741
-89.4466091571
-87.1939650262
-85.1788750903
-84.8432476524
-87.0393805897
-91.3396515763
-95.5918530309
-95.9306285683
-87.3365688387
-64.6690395936
-23.9380022728
36.5221309295
115.31892377
207.950746293
307.499736927
405.922537316
495.620032883
570.88444166
628.855335371
669.75598514
696.384947787
713.042737246
724.218122336
733.401779725
742.328490228
750.799235796
757.052723022
758.500510655
752.557378284
737.308527616
711.845806542
676.238930204
631.235807756
577.865630924
517.126541472
449.88027133
376.976402434
299.528404708
219.199490168
138.350181574
59.9507026199
-12.7514593217
-76.7283401839
-129.691603707
-170.48416832
-199.232114847
-217.220968313
-226.543023773
-229.624168034
-228.761022589
-225.778787207
-221.868543918
-217.60112248
-213.065032513
-208.053406601
-202.232533681
-195.253960738
-186.807896445
-176.642229608
-164.579414461
-150.552525235
-134.65999998
-117.21806684
-98.7810633454
-80.107153369
-62.0668801173
-45.51523711
-31.1636839985
-19.4894350618
-10.7048152593
-4.78590788785
-1.53759925301
-0.661317340172
-1.79700895749
-4.52958882538
-8.37327527105
-12.7635386384
-17.0872108245
-20.7648910022
-23.372487974
-24.762671544
-25.1349543633
-25.012834408
