Flow Output (mL/min)
Min Radius: 3.4733351889 mm
Max Radius: 3.6588888889 mm
-371.145532409
-352.146815282
-339.098630358
-340.537065289
-360.640848785
-396.0494364
-434.443891386
-455.672053881
-435.401571275
-350.500205109
-184.824393675
66.090668785
392.787992026
772.888567862
1175.23031412
1566.08267564
1915.76273701
2203.95158072
2422.48053768
2575.07692598
2674.33687078
2736.90891692
2778.3489735
2809.12106316
2832.70875405
2846.00630699
2841.45495377
2810.00957499
2743.95751477
2638.77943729
2493.61653467
2310.44526282
2092.56574319
1843.21390767
1564.91031303
1259.73335614
930.317520841
581.150571717
219.646103171
-143.514179602
-495.073434199
-820.845756736
-1107.8390411
-1346.21733744
-1530.60137042
-1660.48029044
-1739.74064042
-1775.48207666
-1776.43991104
-1751.44145422
-1708.27061845
-1653.08259029
-1590.2581806
-1522.49895063
-1451.04181779
-1375.96143103
-1296.531028
-1211.58826257
-1119.89015474
-1020.50071525
-913.222922353
-798.96315311
-679.847220373
-559.001898568
-440.095289518
-326.822081206
-222.472997658
-129.646600364
-50.1374823751
14.9782393097
65.1247077456
100.053198258
119.888264944
125.39969858
118.314320195
101.435038878
78.4426587719
53.3884843472
29.9621154776
10.6855735259
-3.71527281789
-14.4647724382
-24.2543553903
-36.2496964722
-52.9648485793
-75.4198778537
-102.851742692
-133.052556861
-163.23482404
-191.144164018
-215.978247323
-238.662109274
-261.279547012
-285.869439104
-313.114005815
-341.500638616
-367.360741667
-385.902328714
-393.020982179
-387.320881781
