Flow Output (mL/min)
Min Radius: 2.5000024 mm
Max Radius: 2.74 mm
40.1431483066
46.9920910629
56.31627121
63.9264928492
65.6635864122
59.1660719097
45.498222553
30.0454619652
22.1834080258
33.5715721369
75.4049859064
155.343073813
274.95884954
428.423203736
602.85630469
780.395226803
941.570790618
1069.16869091
1151.56613899
1184.70387923
1172.28802638
1124.30256127
1054.29567419
976.149427566
901.144919467
836.034496806
782.496599326
737.891386117
696.874631433
653.303693912
601.943366814
539.629629976
465.721110913
381.875361584
291.39569856
198.489480925
107.688172432
23.4836509445
-49.9044541512
-108.727159275
-149.917718231
-171.336937892
-172.055880389
-152.618200577
-115.14456087
-63.145921838
-1.04111370027
66.4711030968
134.985500802
200.779157807
260.977081571
313.501649929
356.846824277
389.788934108
411.207675997
420.14862875
416.108177865
399.382617809
371.304810945
334.272270473
291.54775018
246.847081918
203.771383871
165.223092574
132.998861928
107.690875746
88.8776723217
75.4719666094
66.0941204272
59.4031237884
54.3487155735
50.3027542589
47.0530141531
44.7145364736
43.6535936852
44.4620486999
47.9192544789
54.8511471419
65.8737658587
81.1020926816
99.9259170343
120.919389293
141.930893888
160.398113046
173.880300003
180.675200773
180.285974
173.534758382
162.27508861
148.815970895
135.246666947
122.860968312
111.870589416
101.547050852
90.7845248227
78.8651751281
66.0728063332
53.8518551787
44.4119363253
39.9003120613
