Flow Output (mL/min)
Min Radius: 4.23 mm
Max Radius: 4.23 mm
-575.492538785
-638.114019173
-668.662896717
-633.723269944
-500.650959574
-251.479510022
109.499347884
559.919364792
1068.13668267
1597.67084131
2108.56638326
2563.40163925
2938.53774726
3230.99232325
3453.56074824
3623.39110627
3755.1561778
3861.57152599
3953.7160753
4035.94166697
4100.93268631
4133.18259476
4119.0901637
4053.12573899
3934.68322996
3762.23364431
3533.55522378
3250.6882237
2920.89164234
2550.94289852
2142.58164325
1696.22408666
1218.82036849
725.842028398
235.273509804
-238.073275746
-681.287353355
-1079.44079509
-1417.4513647
-1687.44699445
-1892.53245379
-2041.89311677
-2143.51266624
-2203.32706741
-2229.89556033
-2235.72491231
-2231.57140834
-2220.69561518
-2200.66148606
-2169.91688288
-2129.98578208
-2080.84653882
-2017.18979431
-1932.12423525
-1824.14593643
-1698.2961556
-1560.43249352
-1412.92519511
-1257.46065237
-1099.96556736
-949.471796556
-811.636188821
-685.696132483
-569.121975011
-463.506811619
-373.643451143
-301.492183828
-243.816801854
-196.63423067
-159.623540166
-133.818307991
-115.976314536
-98.3157037248
-75.0029859053
-47.2250306545
-20.5144853845
1.44134447159
18.0575991587
27.6125344826
25.2484871601
7.52970552544
-22.2708770595
-55.9849522805
-87.9395626697
-118.858817085
-152.123830632
-188.509666408
-226.603545487
-266.912932767
-311.915323763
-360.520597909
-404.563706152
-433.473035386
-442.760973702
-437.036013309
-425.576198374
-417.521397958
-421.878077876
-448.270884692
-501.932762039
