Flow Output (mL/min)
Min Radius: 3.9 mm
Max Radius: 3.9 mm
-716.82061674
-728.518774293
-731.570187974
-723.289203419
-706.402341471
-688.76763742
-679.833627938
-686.73234403
-711.862815266
-751.086681347
-791.554974051
-810.823219999
-780.03153751
-671.160012497
-464.826474115
-155.107275667
248.991539314
723.891152989
1233.5082378
1734.59557035
2185.42073399
2554.53970946
2825.70096623
2997.99418862
3083.47844198
3104.16597189
3087.88120079
3062.24191698
3048.48069796
3058.3096113
3094.86926331
3155.4096328
3232.96258769
3317.03056286
3395.15349638
3455.6561419
3489.50538864
3489.80395032
3450.41329468
3366.33326315
3236.02112289
3063.12021844
2855.79766886
2624.90260101
2383.13020776
2145.06041902
1925.91386337
1738.29244781
1589.13103272
1479.30637017
1405.38878819
1360.96343581
1336.55180682
1319.92903166
1298.45654074
1262.18238265
1205.11637313
1124.29717234
1018.91389482
891.068171779
746.808550724
595.163639129
445.388519492
304.958504685
179.69289458
74.4755395062
-7.44380521352
-66.0263685946
-104.577884635
-127.783075691
-139.750645267
-144.078532967
-145.117211373
-148.059787956
-157.343017725
-175.342406967
-202.888032155
-240.455039444
-287.939746193
-343.133446539
-401.188169211
-456.346942116
-504.353391276
-543.2224411
-572.362052634
-592.024954412
-603.97499898
-611.84524228
-619.623415584
-629.249250645
-639.841531889
-649.30907497
-656.369391118
-660.958017327
-663.492030932
-664.80068232
-666.914169909
-672.89957626
-684.757009437
-701.122633738
