Flow Output (mL/min)
Min Radius: 2.0 mm
Max Radius: 2.0 mm
94.8315542123
91.9701694237
90.6320520531
91.3316488043
93.9500751484
97.5978349835
100.777437979
101.848549473
99.6648124979
94.1789670034
86.8209008161
80.5073780089
79.2186335782
87.1863787218
107.875507248
143.04732592
192.190591064
252.488466586
319.323282298
387.182506777
450.741302766
505.850399947
550.166958521
583.263355233
606.223400831
620.907549524
629.151130621
632.134915386
630.083975764
622.353775231
607.85655972
585.669980085
555.598463088
518.481848162
476.161728591
431.150838547
386.132900503
343.440939777
304.653836151
270.424450609
240.587158607
214.489785519
191.409230647
170.899848739
152.984556949
138.170658665
127.311963051
121.358395089
121.061447305
126.726508823
138.084145947
154.290961681
174.017411072
195.578028715
217.091347046
236.671015985
252.630293014
263.663725834
268.981594952
268.394895993
262.345125613
251.849785938
238.336101707
223.381907361
208.43554544
194.595135318
182.491393766
172.280933877
163.743445972
156.464703689
150.054482962
144.316595371
139.302158985
135.240195345
132.400409353
130.955492551
130.884890156
131.940422636
133.688229628
135.624400054
137.320991307
138.52938595
139.189776377
139.357408641
139.102112406
138.433712135
137.275260816
135.487793496
132.945302038
129.639368912
125.758683652
121.679922042
117.851767267
114.623454062
112.103626109
110.113027959
108.248839907
106.045433763
103.192125038
99.7345085631
