Flow Output (mL/min)
Min Radius: 5.5600008 mm
Max Radius: 5.64 mm
-491.830410166
-501.284921752
-517.006604238
-536.12413381
-555.484997306
-567.868372509
-564.312571655
-542.8025937
-513.521439742
-493.814153464
-497.998685347
-531.554431067
-590.876666746
-661.91642233
-715.309376454
-705.153553146
-578.473643934
-291.62142125
177.228158633
824.660969441
1623.14148429
2521.65431855
3448.64462545
4323.07301867
5072.0174625
5645.22487058
6019.47403436
6195.39674255
6193.8091836
6053.11023785
5823.19019993
5553.95137875
5284.23001653
5038.32948442
4829.77134468
4665.03294021
4542.78569382
4452.18399135
4375.75191175
4295.81928457
4197.98704319
4068.94550648
3893.9770359
3660.18440538
3363.46502516
3011.5628912
2620.26761443
2208.39474977
1797.42900888
1413.41429656
1084.12063954
830.781306597
661.993688198
575.486595679
563.647034778
614.880879137
710.475550339
824.439677995
930.205544689
1008.20676452
1046.71865173
1037.55569325
974.896729027
859.898988048
704.152786562
525.646823705
340.993220411
162.539233807
1.64779174213
-129.285207386
-220.918819429
-272.171838583
-289.108424797
-278.638091816
-245.224440869
-194.145210915
-135.368126052
-81.4626782204
-41.7498216092
-20.1808441589
-18.7984549074
-40.5920181193
-86.8174542143
-152.396211304
-226.39691587
-298.014932728
-361.303985745
-414.085057133
-454.473448036
-480.904833953
-495.376852073
-504.106686828
-512.998211404
-522.72228398
-529.335287448
-529.488279671
-523.783452902
-515.022510249
-505.168738024
-495.847261771
