Flow Output (mL/min)
Min Radius: 1.05 mm
Max Radius: 1.05 mm
30.6311402887
29.6478166979
28.6716617421
27.6613432301
26.5709738842
25.3792952121
24.1166881957
22.8838916051
21.8552207651
21.2619380352
21.3599045841
22.3935446967
24.568344405
28.0373203714
32.900255672
39.2121152634
46.996014716
56.2529894718
66.9584567694
79.0394879943
92.3376287146
106.571309094
121.313246064
135.993195842
149.930903895
162.399804558
172.715433611
180.332600491
184.928036357
186.447330283
185.10570051
181.343937736
175.748387762
168.948810563
161.513491425
153.864633172
146.233080452
138.659326901
131.034649853
123.16912552
114.871796865
106.02747811
96.6535732799
86.9233231601
77.1515558386
67.7504171782
59.1683768998
51.8248987608
46.0508443579
42.0445099121
39.852164044
39.3758599154
40.4022636997
42.6411921059
45.7644937795
49.4403751977
53.359879529
57.2518928236
60.8856042314
64.0652902835
66.625956837
68.435401505
69.4018017356
69.4826119813
68.6919008674
67.1046785244
64.8551214689
62.1241651158
59.115395687
56.0250487712
53.0155550069
50.1991460697
47.6326467403
45.322281232
43.2377673693
41.3335760337
39.5710262551
37.9328048727
36.4255379799
35.0730832173
33.9065747391
32.9551360465
32.238246045
31.7609521056
31.5142840653
31.4810262704
31.6423189277
31.9790743445
32.466606942
33.0667513871
33.7230781617
34.3615945239
34.8966058191
35.2417057655
35.3259092247
35.1114539725
34.6054698556
33.858366897
32.9483950135
31.9586625062
