Flow Output (mL/min)
Min Radius: 11.2 mm
Max Radius: 11.2 mm
-4886.06425524
-5080.67402564
-4555.2124879
-3115.28976587
-813.060531384
2284.83850961
6197.39004534
10834.2287429
15800.1572862
20523.6294643
24587.2707559
27856.0582876
30285.5014574
31735.0618197
32077.1926494
31437.9206687
30193.1692807
28684.3382266
27017.3990529
25193.0076919
23348.0652784
21742.4623438
20505.2657743
19509.890664
18565.4702805
17657.3265252
16900.2627757
16283.8132992
15588.8377338
14607.751568
13363.6883469
12026.2339185
10657.0002799
9157.71220391
7493.27801684
5858.45620011
4532.88088151
3615.06129303
2998.71608301
2606.96001237
2533.98609408
2885.85458844
3553.91702568
4257.36880497
4807.57548992
5230.32494115
5588.34868028
5776.50307595
5596.19427213
5006.96601126
4192.69440503
3342.92555705
2456.39662783
1438.22532733
337.683792678
-627.350015096
-1302.29779752
-1754.88749407
-2135.41579699
-2441.33991768
-2524.83240555
-2329.70031297
-2012.80069072
-1771.61839756
-1622.2845049
-1441.49567005
-1203.58531816
-1063.20933635
-1159.36708671
-1421.46544366
-1658.13512818
-1804.92697782
-1981.11719591
-2282.70236985
-2617.36710707
-2822.22313818
-2892.79040394
-2988.80573873
-3203.97899733
-3428.14288889
-3498.95618222
-3426.04622127
-3369.60011075
-3410.8115664
-3448.98077368
-3371.80489164
-3246.23811109
-3245.28350735
-3407.68162116
-3571.91302238
-3580.67789009
-3470.01421001
-3386.30170737
-3368.26294949
-3319.41937387
-3209.43372553
-3198.60136116
-3478.8263776
-4026.85243171
-4593.77236692
