Flow Output (mL/min)
Min Radius: 9.99 mm
Max Radius: 9.99 mm
-2550.01404727
-2763.99074993
-3014.73328875
-3227.45364758
-3322.14507283
-3183.10646974
-2666.46823235
-1667.85826969
-186.309142605
1681.63792693
3798.51870421
6020.47539006
8186.2076455
10113.4314765
11647.9207907
12729.2212065
13400.742828
13755.1134135
13881.9824158
13869.655145
13829.0185571
13877.1915154
14082.3814034
14436.586933
14892.8115146
15418.6413351
15998.7945835
16593.6756355
17123.3884965
17508.2436259
17713.4040062
17737.8436515
17567.734194
17166.1619291
16518.6230704
15671.6468479
14708.8988743
13696.0723117
12667.7625242
11666.0589397
10764.145674
10030.2056432
9475.70202406
9058.33539697
8734.6650272
8489.12396531
8303.57545067
8119.92198954
7859.08218596
7477.41628856
6986.13678732
6411.00261044
5753.35587157
5008.14431425
4208.84072444
3428.20101676
2726.85000688
2116.97462681
1587.12391583
1147.65336319
829.51260623
639.242374688
537.61554766
475.328860184
436.765045611
431.388317976
447.78401686
438.690251808
360.463996187
212.6121887
23.7160965155
-193.088925565
-450.003199122
-747.162576585
-1045.4884543
-1293.95018679
-1477.67585098
-1622.68337406
-1753.09550224
-1861.63070473
-1931.99084975
-1975.69467773
-2025.68698168
-2093.31293868
-2150.81480886
-2167.52429423
-2152.15829173
-2144.24324168
-2168.27436316
-2214.25722279
-2267.24524149
-2336.75947936
-2438.62220777
-2554.33642186
-2630.94197335
-2630.7082818
-2570.13291207
-2501.03307824
-2463.98690147
-2475.6909096
