Flow Output (mL/min)
Min Radius: 1.05 mm
Max Radius: 1.05 mm
29.6347126989
28.6933245101
27.7482238401
26.7404085654
25.6218794747
24.3912768868
23.1260005981
21.9973605596
21.2587536335
21.2094762546
22.1480597788
24.3298880046
27.9373170959
33.0657347241
39.7280558561
47.8766264187
57.4323584995
68.3037139364
80.3822311704
93.5149460945
107.465864895
121.881276076
136.271111172
150.017404683
162.419438889
172.776340093
180.491925441
185.174262868
186.703275436
185.251117734
181.251751732
175.323729083
168.158158515
160.395010287
152.518519407
144.797466346
137.279847152
129.835329594
122.2312514
114.225834394
105.659223458
96.5202262214
86.971745318
77.3322813414
68.0252136842
59.5122495267
52.223901023
46.4969510433
42.5298296404
40.365514988
39.9030182267
40.9279450508
43.149527107
46.2369347694
49.8530429383
53.6829648536
57.4519348422
60.9300741024
63.9291668618
66.3000200101
67.9341249988
68.7666723064
68.777561655
67.9914819893
66.4792139182
64.357474238
61.7809493932
58.9241352379
55.9584427272
53.0326064543
50.2597317534
47.7097184914
45.4071211119
43.3377719087
41.4652720311
39.7513730437
38.170879674
36.7166484742
35.3976756146
34.2348388325
33.2549877549
32.4823781348
31.9300939034
31.597101467
31.4728014676
31.5437150365
31.7951155807
32.2062652826
32.744045652
33.3593715933
33.9865408512
34.5448968357
34.9455708637
35.1066585177
34.9740286562
34.5379504519
33.8363275153
32.9432848291
31.9486860087
30.9346205683
