Flow Output (mL/min)
Min Radius: 1.2 mm
Max Radius: 1.2 mm
45.000480043
43.2314472367
41.3096353734
39.3925644123
37.6784910438
36.3422675968
35.4607254359
34.961358275
34.625893148
34.1615383495
33.3271713615
32.0810411823
30.705439378
29.8624911675
30.5460852867
33.921083405
41.0776406572
52.7607842918
69.147960597
89.7359692202
113.370994681
138.420869055
163.053304975
185.554058202
204.605500625
219.457965671
229.960740773
236.461526853
239.616165583
240.167253513
238.751674917
235.784332251
231.439032862
225.71383508
218.541012583
209.893711277
199.853079644
188.620869477
176.482669884
163.742192612
150.656477433
137.401829378
124.087005384
110.807753681
97.7176128094
85.0843298057
73.3090842321
62.8990108301
54.3965394467
48.2813794335
44.8715122432
44.252565796
46.2555162878
50.4846326934
56.3818291
63.3076465204
70.6210683874
77.7443946625
84.2038971562
89.6443599426
93.8249766291
96.6090780189
97.9562674877
97.9167145401
96.6221679841
94.270060552
91.1013101115
87.3739671103
83.3346918297
79.1920120591
75.0986256663
71.1492159604
67.3931885988
63.8539802302
60.5453018303
57.4799753936
54.6724705374
52.1375059743
49.8864777177
47.9247093229
46.2540252375
44.8823038814
43.8346886808
43.1567444944
42.9034255101
43.1164011923
43.7984538797
44.8939572846
46.2820706917
47.7873966974
49.2095409284
50.3654565349
51.1298203652
51.4567518498
51.3743699288
50.9563865644
50.2835918329
49.4098160481
48.3447262748
47.0615363729
