Flow Output (mL/min)
Min Radius: 2.8666683333 mm
Max Radius: 3.0333333333 mm
-90.772949118
-96.5963179682
-100.862474906
-103.498527888
-105.172221118
-106.630435609
-108.457687416
-111.333826387
-115.974362221
-122.386588132
-129.259453707
-134.469190515
-136.454450784
-135.198752822
-132.096881937
-129.264198573
-129.086755402
-133.815570456
-144.437260148
-158.951821544
-171.386768922
-172.613092698
-152.499108499
-102.072391123
-15.1032655418
110.453321096
271.016381861
456.907018578
653.870790403
846.174804876
1019.64956074
1163.56083771
1271.58861006
1342.5310971
1380.41273334
1393.17091074
1390.08498208
1379.37027229
1367.12838165
1357.37938544
1352.12774332
1351.19381846
1352.51943217
1353.2997899
1351.13294661
1344.18430717
1330.53691521
1307.85949185
1273.97400765
1227.66082483
1168.83406846
1098.23563435
1017.47696398
929.597325899
839.288611478
752.086026398
673.004141103
605.700087702
552.473724131
514.387562457
490.926776293
479.639078395
476.557255685
477.340075836
478.181026083
475.891215077
467.671397111
451.395933446
426.328355378
393.386202127
354.535347334
311.974733903
267.936650796
224.950483518
185.714314308
152.314729434
125.577674724
105.298891216
90.9964691824
82.2045739163
78.0681228598
77.0342811563
77.2797928277
77.4078169617
76.5226983461
73.688984303
67.7036593853
57.692062942
43.8453599478
27.3550864454
9.6476976555
-8.11895139214
-24.8685263255
-39.3949860361
-50.8144790776
-59.2751439115
-65.9363045876
-72.0663574821
-78.2226305866
-84.3094734374
