Flow Output (mL/min)
Min Radius: 2.0 mm
Max Radius: 2.0 mm
85.3724022788
85.2304826526
87.1346166694
90.5559001249
94.3458338093
97.0144759118
97.1895517257
94.1340470556
88.2138654284
81.1948715749
76.2210275569
77.3744892082
88.8745588951
114.133360876
154.92954236
210.886840135
279.352766524
355.719190258
434.161270962
508.646346039
573.943062233
626.358351831
664.062173879
687.0156402
696.593735403
695.007094489
684.65569049
667.59175032
645.246560396
618.450936001
587.640875018
553.102535561
515.173700893
474.380340143
431.487508236
387.436722282
343.193872362
299.607009048
257.374150189
217.1286092
179.56031794
145.494785175
115.914586486
91.9350475857
74.7151819264
65.2741458187
64.2438701103
71.6594107387
86.8768090474
108.62096071
135.104641117
164.182565263
193.551732707
220.997015075
244.623498363
263.004361171
275.235726972
280.950429533
280.32398887
274.042042167
263.185856388
249.053698891
232.987912945
216.251640135
199.937229396
184.879665222
171.598850709
160.319288409
151.064372439
143.756462733
138.261632577
134.38980215
131.902468824
130.54470554
130.068301249
130.225659929
130.767546368
131.485024441
132.275132362
133.161279921
134.23374417
135.55303185
137.083196967
138.673416114
140.061900201
140.895294648
140.794709321
139.478738653
136.884166067
133.198155922
128.777708178
124.016029437
119.230499933
114.597782343
110.13014061
105.707797121
101.194771678
96.6122803136
92.267699961
88.7348056097
