Flow Output (mL/min)
Min Radius: 0.83000235 mm
Max Radius: 1.065 mm
3.68162130885
3.03562715063
2.73476785694
2.88204949517
3.37158680761
3.87779383376
3.93894685321
3.12115639041
1.21198339616
-1.61892148892
-4.74354716086
-7.11594567125
-7.43957357982
-4.43932146017
2.82463256552
14.6907639149
30.7584696168
49.9177948068
70.5374684728
90.7667763375
108.884277777
123.611609044
134.311847242
141.02236434
144.326194638
145.115866374
144.324822028
142.694680905
140.628585582
138.159955752
135.036730929
130.884067288
125.381751933
118.395723277
110.032617721
100.618509194
90.6206096987
80.5376730266
70.7917534782
61.6574006645
53.2515750878
45.5790728067
38.6039354184
32.3148016915
26.7663983355
22.0916060721
18.4814493749
16.1342470468
15.1880310395
15.6623621275
17.431509312
20.2323503889
23.6957845021
27.3914601623
30.8828584794
33.7881305058
35.8328294938
36.8789030533
36.9260726819
36.0943449645
34.5961176853
32.6977920981
30.6699673762
28.736033579
27.0369197757
25.6224803491
24.4647089721
23.4814568757
22.5649542995
21.6139985321
20.563134249
19.3955675337
18.1327570489
16.8098701725
15.4550905475
14.082960127
12.6985556278
11.3057025863
9.9177612781
8.57047599507
7.32884196135
6.27621640834
5.48456451383
4.98138365236
4.73331915044
4.65433316339
4.63185640394
4.56082556572
4.37867308849
4.09244904764
3.78325963509
3.57672114692
3.58653761568
3.85738749832
4.33495243961
4.87508093901
5.28697442006
5.39757856906
5.12052099263
4.50554580336
