Flow Output (mL/min)
Min Radius: 1.61200064 mm
Max Radius: 1.676 mm
-28.6914648209
-32.4998672937
-36.2001285783
-39.4465281545
-42.1461936248
-44.4599959829
-46.6905578789
-49.100409997
-51.7373263635
-54.3488068765
-56.4382850046
-57.4600465145
-57.0876778593
-55.4466307483
-53.1954469532
-51.3800083865
-51.0617018069
-52.8093775711
-56.2147007692
-59.6127299964
-60.1502837749
-54.2503669421
-38.3980981319
-10.0609303617
31.5080687294
84.8255570895
146.248229184
210.575837045
272.053590255
325.523446449
367.42748007
396.406300895
413.349794331
420.91139309
422.643716344
422.008834564
421.533773298
422.319511947
423.99298993
425.056370529
423.478859746
417.325495909
405.235468308
386.637475215
361.691514122
331.038904298
295.495052974
255.818307081
212.638781037
166.55536942
118.336895596
69.1208080118
20.5038531638
-25.539021611
-66.9059784552
-101.724293947
-128.7059095
-147.395133079
-158.235326194
-162.438455194
-161.700544862
-157.847411548
-152.506377546
-146.880189602
-141.658972441
-137.060783632
-132.957019705
-129.025459505
-124.88216026
-120.16660216
-114.580801722
-107.901564955
-99.9894955683
-90.8094734686
-80.461487632
-69.2067658052
-57.4692279546
-45.7987824842
-34.7977070708
-25.0272649314
-16.9212318882
-10.7315311309
-6.51911300284
-4.18584294756
-3.52820649174
-4.28780546766
-6.17949352998
-8.89279190248
-12.0789102678
-15.3460996828
-18.2845897814
-20.5287187262
-21.8435380557
-22.2053409498
-21.8391998791
-21.1864020224
-20.7985351659
-21.1842752809
-22.6576506157
-25.2421898867
