Flow Output (mL/min)
Min Radius: 6.0 mm
Max Radius: 6.0 mm
-1681.62129143
-1714.357448
-1722.54817769
-1703.53403589
-1667.93130915
-1634.28432993
-1623.18943373
-1653.3907587
-1735.25746176
-1859.36160264
-1986.94898038
-2051.53519479
-1972.26208932
-1670.88442242
-1085.65811791
-182.588229409
1034.0371186
2515.650066
4174.69538168
5901.78723131
7586.76565938
9134.95304183
10476.6768975
11572.9332927
12417.814407
13034.5273342
13463.781472
13749.516569
13929.3197032
14032.0108635
14078.5791074
14082.1814824
14047.6054922
13973.258874
13855.6263579
13691.9384295
13478.1161859
13204.938929
12858.118664
12423.5308986
11892.8641226
11265.3417334
10547.0971939
9752.54130828
8907.47782071
8048.58044232
7216.36623944
6446.30237651
5764.73126202
5189.7453827
4731.21331263
4387.32934492
4142.45435391
3971.29831896
3846.72933692
3743.94060948
3639.27286023
3509.67985583
3337.30753228
3115.14385342
2846.87269117
2541.29648477
2208.44333518
1860.910412
1515.58508103
1190.20287131
897.194000384
641.930281999
426.777106391
254.598101678
126.792972255
39.2288315541
-17.6008529651
-54.1752161389
-79.2620004794
-101.837146237
-133.229271373
-184.481616568
-260.812479592
-359.481274953
-473.177653369
-594.420792324
-716.503208018
-832.396113342
-935.884493144
-1025.13943614
-1104.20475573
-1179.50893798
-1254.44823099
-1327.35046984
-1393.91096181
-1450.31415087
-1493.90085676
-1522.74269368
-1537.10953884
-1542.23778958
-1548.27409224
-1565.30521487
-1596.99456191
-1638.37959535
