Flow Output (mL/min)
Min Radius: 0.73 mm
Max Radius: 0.73 mm
4.07539828086
3.70468738706
3.10334462625
2.74064354174
3.10062549698
4.46904419588
6.73177605104
9.26695567205
10.9893224944
10.5575778365
6.70627098155
-1.37429905502
-13.7106084273
-29.3746623039
-46.5433789041
-62.7995497561
-75.6097788515
-82.860008748
-83.3140288264
-76.8811472765
-64.6241177191
-48.5004397615
-30.9013455684
-14.112565604
0.157581759898
11.0651991148
18.6769743011
23.7869188226
27.5698594763
31.1746221586
35.3732832846
40.3633003097
45.7662748171
50.8006982836
54.5561283361
56.2790476551
55.5907106409
52.5820271955
47.7650913393
41.9036383941
35.7838632217
30.0032022352
24.8391328594
20.2252212578
15.8284256303
11.1995142183
5.95363126774
-0.0712534176809
-6.72612903105
-13.557580624
-19.9006168054
-25.0248717747
-28.2953073155
-29.3129184036
-28.005644861
-24.6464144065
-19.791887493
-14.159891734
-8.48137561613
-3.3635617994
0.809709698744
3.92435554278
6.11971726019
7.71160333521
9.07583766502
10.5288783435
12.2409098459
14.2005576635
16.2327469878
18.0609036373
19.3974448687
20.0368177428
19.9191119448
19.1407540683
17.9116651703
16.4803590443
15.0558891955
13.7498161895
12.5530884351
11.3555888467
10.0044853469
8.38028614451
6.45797650571
4.32708465069
2.16602970891
0.186323838476
-1.43054089831
-2.58326493077
-3.27197993546
-3.58085660327
-3.6265265014
-3.4957546868
-3.20510857055
-2.70441178296
-1.92151359079
-0.825869377693
0.517681422881
1.92964692518
3.14756216972
3.91014476282
