Flow Output (mL/min)
Min Radius: 2.6 mm
Max Radius: 2.6 mm
19.1878011229
8.14081202447
-1.40443342715
-7.43036346905
-9.0156995433
-7.4553558788
-5.89383013567
-7.84035405425
-15.8210475985
-30.6303705689
-50.5803162495
-70.4950730258
-81.4160841156
-72.1097772837
-32.035409395
45.8171598145
163.362771092
316.934552747
497.310501423
690.522250338
880.147184004
1050.81342662
1191.39721195
1296.53726202
1366.49024705
1406.26679319
1424.50304752
1431.71156749
1437.81855661
1449.9203489
1471.42748379
1502.67183592
1541.92381374
1585.95957841
1630.40374345
1670.4846212
1702.07722618
1722.19800172
1728.6095117
1719.28984092
1692.68152433
1648.57503976
1588.62269376
1515.97329326
1434.62820616
1349.264609
1265.28948112
1188.27258502
1122.6438038
1070.63474505
1032.31088113
1006.30318962
990.213586173
980.488756258
972.591060797
962.001064162
945.376671297
920.853284155
887.542644756
845.252084398
794.913838151
738.971821049
680.849631783
623.820064504
570.38501973
522.519413846
481.945533921
449.709549142
425.542080354
407.988616625
395.322704956
386.203522858
379.430039294
373.409594732
366.288796697
356.663450523
343.927802568
327.873300448
308.259962652
285.110835246
259.374696279
232.965374743
207.941188169
185.672458206
166.762079131
151.424192288
139.529783614
130.252039304
122.061029987
113.482694995
103.985101145
94.0701072736
84.5565438001
75.9206412927
68.2689087956
61.5663818008
55.5115551813
49.2171316954
41.4264338232
31.435176513
