Flow Output (mL/min)
Min Radius: 10.7 mm
Max Radius: 10.7 mm
-4123.7624873
-4595.44074915
-4870.39674374
-4671.42049735
-3688.96878884
-1736.45392214
1161.43015467
4818.74119464
8980.47799145
13339.8769069
17509.4743568
21066.8511068
23695.6043039
25293.0363036
25937.1564251
25773.3988174
24962.4733991
23716.4096774
22310.6033286
20997.1699688
19901.2821399
19025.8924305
18352.6919256
17902.7100686
17685.7988681
17629.1627404
17601.2880646
17505.2476343
17313.0043448
16998.3753591
16475.2178552
15642.4646987
14484.5111265
13093.7851889
11589.0359256
10044.4761326
8519.54978126
7126.56072487
6015.78077857
5278.15887902
4889.5567131
4767.87854095
4860.14063553
5141.27901702
5539.36772452
5910.57043585
6115.58231972
6101.85772493
5885.62028495
5469.09715302
4817.58169486
3929.82265644
2895.99679235
1851.34023659
880.728980495
-1.56364680623
-780.64579963
-1391.00337452
-1765.31533444
-1912.66765939
-1910.96429332
-1820.15646857
-1636.45292325
-1348.85360104
-1012.53451976
-729.810884033
-562.249940334
-495.418387409
-500.539829243
-597.771645259
-825.910330666
-1162.50222843
-1514.62835833
-1802.70162403
-2027.55937154
-2234.44046985
-2432.10313306
-2583.66560158
-2675.98653612
-2757.50653829
-2880.4194165
-3025.09273479
-3116.25910013
-3114.02697142
-3058.50880855
-3013.32305854
-2993.90383821
-2980.18953117
-2983.79918988
-3057.66880665
-3221.62352298
-3406.62132857
-3504.61768423
-3469.39747056
-3346.31200079
-3209.16411617
-3104.69053445
-3075.75790315
-3201.85989257
-3557.68603017
