Flow Output (mL/min)
Min Radius: 1.17 mm
Max Radius: 1.17 mm
30.8764751742
30.3462927154
30.9043973677
32.974556825
36.5388733567
41.0011319415
45.2639207091
48.0395462893
48.3116265993
45.7931757554
41.2229030621
36.3891064881
33.8391234071
36.3125264558
46.0277611137
64.0270433063
89.7925670187
121.265911494
155.269435837
188.208993744
216.869062829
239.092122539
254.157329685
262.749236251
266.534169363
267.495426188
267.25188067
266.566543322
265.169474229
261.921792367
255.258459668
243.770305736
226.737442388
204.44058861
178.163253767
149.913959532
121.98149367
96.4605852712
74.8692831898
57.9470694822
45.67402974
37.4815576981
32.5584597811
30.1351674837
29.6659650743
30.8898553175
33.7907916542
38.4894863538
45.1040582006
53.6252934865
63.8467581667
75.3582714639
87.5754848857
99.7731483862
111.117211933
120.716214326
127.707340653
131.36865211
131.235990025
127.206576146
119.610900025
109.221640046
97.1658657755
84.737670106
73.1581684282
63.3574518038
55.8386010741
50.648382072
47.4525040751
45.696894651
44.8136912687
44.4046375968
44.3339849938
44.7037141646
45.7405126025
47.6543341731
50.5202228571
54.2127050107
58.4077403818
62.6541958429
66.4904757896
69.554083374
71.633257135
72.6482890735
72.5939366658
71.487045152
69.3446857922
66.1962728106
62.1243018859
57.3204474069
52.1258060086
47.0131524198
42.491034486
38.9587864506
36.5786207098
35.2253762608
34.5368837067
34.0505301053
33.388052573
32.4311102537
