Flow Output (mL/min)
Min Radius: 2.7400024 mm
Max Radius: 2.98 mm
18.4433271067
34.1400065431
43.979639507
43.3220441605
31.4367449723
13.0656207346
-1.56471368607
1.45021471921
36.5115055918
114.856968377
241.359879632
412.560539874
616.50126008
834.590743077
1045.13230903
1227.53529888
1366.0091383
1451.86162282
1484.09150537
1468.40413595
1415.0257639
1335.9101134
1242.12335206
1142.12631248
1041.23214781
941.973126824
844.863551882
749.178153828
653.594294203
556.631709384
456.845096358
352.863992886
243.558914396
128.572814649
9.12705648806
-111.311383933
-226.910468047
-330.023441266
-412.27450856
-465.977740697
-485.66015866
-469.327036924
-419.009583383
-340.323347269
-241.206494401
-130.351567638
-15.833655627
95.80452527
199.930837945
293.638853523
375.082086626
442.646370094
494.424642889
528.280899164
542.39852125
535.956631046
509.637489714
465.851272134
408.629856655
343.124852147
274.752697861
208.267805064
147.152233741
93.5103272691
48.3276066194
11.8203683187
-16.2701948232
-36.4392775338
-49.2527942821
-55.3367683156
-55.5144635904
-50.8976535834
-42.7189996314
-31.9302248375
-18.8407078246
-3.05713826939
16.247956851
39.8822892814
68.1203473209
100.210711953
134.067456696
166.400437988
193.404819889
211.789856407
219.68962483
217.088900991
205.685811258
188.312383952
168.073231721
147.408443636
127.415844837
107.794566071
87.5078461921
65.8385836605
43.2806061638
21.8423300642
4.65199870655
-5.01654200528
-5.05156734347
4.26259806595
