Flow Output (mL/min)
Min Radius: 4.35 mm
Max Radius: 4.35 mm
-931.000576624
-939.182130259
-949.798490348
-961.506683119
-971.992381964
-977.476912519
-974.244536096
-961.883662467
-945.106985609
-932.017430272
-930.277885987
-944.05403186
-972.392388512
-1007.60870302
-1033.50830766
-1025.78418998
-956.530207719
-801.370911416
-545.508221975
-186.618411402
264.568073376
784.848692687
1341.0628739
1895.78677707
2415.04216724
2874.54269944
3261.9830135
3576.03280114
3824.21026319
4020.40420104
4181.23695086
4321.32576651
4449.55535729
4568.48421779
4676.4528742
4769.895357
4844.24628576
4894.22707794
4914.88953988
4903.0301482
4857.31056726
4776.75042474
4659.47926385
4503.54790589
4309.10568261
4079.64049645
3821.38101389
3542.31799529
3252.26975974
2963.15621249
2687.6224414
2436.09547774
2214.61745514
2025.07679888
1866.6403635
1736.19293056
1627.73907404
1532.78524233
1442.59923277
1350.54079331
1252.37255815
1145.10884609
1026.73970767
897.503662127
760.732144188
621.56922746
484.711204436
353.58612888
231.268396502
121.024886479
25.1924976102
-56.1693644742
-124.819416775
-182.499843602
-230.082864586
-268.642707242
-300.696274614
-329.72243316
-358.584009018
-388.942987725
-422.136012788
-459.753128471
-502.626021701
-549.398882804
-596.736741514
-641.229088915
-680.962565615
-715.395957946
-744.486202529
-768.68062021
-789.62302299
-809.949163709
-831.610484106
-854.314512044
-875.848918442
-893.920122734
-907.522393413
-916.816557579
-922.523497182
-926.066316002
