Flow Output (mL/min)
Min Radius: 2.0 mm
Max Radius: 2.0 mm
118.317519695
111.804338006
104.428070053
96.5403288866
88.7653204228
81.8549532209
76.4590919521
72.8967090648
71.0337303985
70.347777015
70.1919174054
70.1885928216
70.6260633958
72.7120059815
78.5643218299
90.8838707846
112.348746565
144.870481067
188.919582173
243.12772982
304.303693176
367.887345598
428.748337757
482.14218358
524.587909506
554.445544173
572.053408633
579.411994448
579.526989279
575.604527605
570.308804529
565.253624518
560.822852968
556.318811809
550.347081498
541.291727193
527.737108064
508.743623753
483.953731709
453.560353263
418.199469815
378.833290602
336.67225494
293.147014197
249.900000502
208.744257024
171.549902042
140.056921215
115.651884785
99.1666665152
90.7567751113
89.9002891155
95.527418549
106.248955861
120.614598533
137.321167473
155.315110346
173.77919786
192.035276076
209.418428992
225.182441043
238.484583164
248.468651149
254.423265486
255.955550364
253.110109694
246.385589256
236.640645704
224.91676399
212.227271882
199.370596501
186.820312887
174.720665671
162.978165027
151.405692358
139.864339534
128.36212251
117.092875481
106.41823029
96.80792105
88.7618859676
82.7393831056
79.1099803548
78.1224746253
79.8755826916
84.2801092075
91.0205299722
99.5376414784
109.053127393
118.645662203
127.374344919
134.430087322
139.278515197
141.747140471
142.018888607
140.526755958
137.784635659
134.214631266
130.030995355
125.220420693
