Flow Output (mL/min)
Min Radius: 3.2200024 mm
Max Radius: 3.46 mm
-59.5667569704
-71.7446845615
-89.0659135158
-99.2794306367
-85.8824836076
-30.8192954438
81.2671420112
257.859265861
494.927288852
776.97521601
1080.4559487
1378.43451885
1644.99389612
1859.35898303
2009.63391932
2094.69260554
2122.65526859
2106.46376797
2059.10246718
1990.59674355
1906.8037171
1808.98071059
1694.09171033
1556.71190719
1392.36073401
1200.33725068
984.226730514
750.379342432
506.229354016
259.52495456
17.818335697
-212.556254105
-427.334929331
-623.726971224
-798.541615236
-946.841368375
-1062.42479064
-1139.40530992
-1173.2688
-1161.06600542
-1101.80124461
-997.547044201
-854.214700815
-680.738695094
-487.133329813
-283.14208049
-78.2542194106
117.972163912
296.533434265
450.20062842
573.981364355
664.511912306
719.59685015
738.845321907
724.620799993
681.817554119
616.362097835
533.89829077
439.692661119
339.059792099
237.054191796
137.530364718
42.8783080805
-45.0298364043
-123.824117319
-190.847205651
-244.239439042
-283.400967498
-308.276946956
-318.562912161
-313.940283671
-294.879883951
-262.726387504
-218.906837603
-164.522347143
-101.162557322
-32.0464207914
38.0126204497
103.915966564
161.492615063
207.686471541
240.361794313
258.726816917
264.033753393
259.246518887
247.367167502
229.823554233
206.382090298
176.345124433
139.608578192
96.9318065516
50.1271393034
2.71395057988
-39.8161867707
-71.3574611642
-87.8652034685
-89.4491471388
-80.4130060911
-67.615686832
-58.4176522647
