Flow Output (mL/min)
Min Radius: 2.3600018556 mm
Max Radius: 2.5455555556 mm
-156.170853755
-166.35803177
-174.648841857
-181.122524802
-186.171056277
-190.286165973
-193.786004909
-196.601768952
-198.236211521
-197.948516646
-195.12943835
-189.737981671
-182.612303092
-175.471199695
-170.497624757
-169.526507399
-173.008196325
-179.037266707
-182.779737341
-176.575263352
-150.839768695
-95.6841493451
-2.9535929828
131.757831275
307.603043846
517.886247786
750.575609569
989.866382315
1218.48718761
1420.26817111
1582.43673077
1697.18608857
1762.24908749
1780.4507829
1758.44310565
1704.98465139
1629.18333311
1539.06572824
1440.70109982
1337.93670147
1232.64496204
1125.28254951
1015.53488053
902.861808245
786.845875288
667.33923134
544.477276734
418.656759987
290.560693708
161.264742506
32.4016182598
-93.6856766365
-213.888086484
-324.442315308
-421.23732083
-500.287557191
-558.29517936
-593.19298074
-604.556292621
-593.795015761
-564.079345551
-520.003771211
-467.042208605
-410.883382359
-356.754062687
-308.836560274
-269.867408564
-240.970471859
-221.735838357
-210.513135887
-204.852131168
-202.001614012
-199.374241465
-194.901028575
-187.230726567
-175.768449053
-160.584281843
-142.246526914
-121.639671463
-99.8139612876
-77.887514327
-56.9933734202
-38.2436177699
-22.6782248493
-11.1791589787
-4.35452835468
-2.42292573035
-5.14261965765
-11.8262269057
-21.458255755
-32.8978808504
-45.1155527779
-57.393438089
-69.4253924238
-81.2825300146
-93.2560511413
-105.633548722
-118.491276124
-131.581319694
-144.358538711
