Flow Output (mL/min)
Min Radius: 1.42000064 mm
Max Radius: 1.484 mm
-16.5152815834
-17.0575281111
-18.4412895762
-20.6878240219
-23.5991991245
-26.8318575447
-30.0196337029
-32.9002857237
-35.3956087096
-37.6112836194
-39.7539861765
-41.9983865695
-44.3613051098
-46.6431030759
-48.4737697124
-49.4594776158
-49.3794377861
-48.3509615793
-46.8776102483
-45.7265048124
-45.6389753384
-46.9452818877
-49.2053031572
-51.0119531295
-50.0625866771
-43.5311990395
-28.6811166886
-3.57341258684
32.3207317278
77.7866140458
129.928474298
184.639045277
237.372943445
284.032405222
321.739500495
349.299703312
367.248573736
377.489848043
382.64403506
385.298691504
387.364803742
389.697003986
392.046272131
393.312251246
391.980433327
386.59102216
376.099419348
360.043845917
338.511273558
311.961447509
281.007858168
246.253569855
208.243089745
167.535425767
124.850209427
81.2077484648
37.9852957917
-3.15651946104
-40.4742687675
-72.4188925633
-97.9098372065
-116.525341817
-128.554077616
-134.896305183
-136.847132116
-135.82546347
-133.120787729
-129.71548826
-126.210302084
-122.846798266
-119.595069008
-116.264570976
-112.602001493
-108.356959659
-103.315347609
-97.3138927633
-90.2523353151
-82.1132674166
-72.9880910557
-63.09757029
-52.7921933513
-42.5227020794
-32.7822619365
-24.0335821738
-16.6412613566
-10.8283708584
-6.66719410346
-4.10107673408
-2.98325578604
-3.11425039186
-4.2637665549
-6.1739686235
-8.5531662287
-11.0764243304
-13.4082554865
-15.2522879509
-16.4177795357
-16.8798922622
-16.8063481516
-16.5307982912
