Flow Output (mL/min)
Min Radius: 1.07 mm
Max Radius: 1.07 mm
18.3118309618
18.875697035
20.2144199428
21.9635639018
23.5128269616
24.2088148702
23.6554816166
22.0149607583
20.1888736015
19.7855590309
22.8413964485
31.339872414
46.6395954192
68.9676027421
97.1408209072
128.631731536
159.99826663
187.584687306
208.313693093
220.359437833
223.520005403
219.184382068
209.89675151
198.636290529
188.017707329
179.641018912
173.76728648
169.392911569
164.678782572
157.595649686
146.592916595
131.096417211
111.696921334
89.9922740693
68.1561459175
48.3827045035
32.3759888886
21.0207290023
14.3075979645
11.5087483813
11.525767794
13.2836828662
16.04174762
19.5359306865
23.9357515201
29.6577660268
37.1119502487
46.4655769719
57.4965337339
69.5757680062
81.7726498613
93.0356126664
102.383869338
109.058619135
112.608810736
112.909345405
110.123675009
104.632455162
96.9552006971
87.6863906492
77.45086639
66.8679222731
56.5123381962
46.8722560699
38.3141528773
31.0647174299
25.2127761051
20.730491807
17.5118816743
15.4216844301
14.338984402
14.1779483911
14.8794023128
16.3840345324
18.6060085525
21.4199479053
24.6637488433
28.1540707609
31.7095410333
35.1728779881
38.4192324071
41.3428284324
43.8290830969
45.7329621406
46.883147367
47.1163620791
46.330004584
44.5338914459
41.8817298442
38.6652865596
35.2617006436
32.0420881054
29.2721793526
27.0469077189
25.2892045511
23.8150007643
22.4389055027
21.0799121041
19.8243204589
18.9124949576
