Flow Output (mL/min)
Min Radius: 1.7500025 mm
Max Radius: 2.0 mm
171.968893137
168.721707866
161.234587262
150.424537346
139.275203546
131.727416314
131.762078004
143.225909193
169.558054143
212.651780273
271.54090582
342.297499331
419.366789505
497.076121364
570.227489655
634.162660937
685.326282578
722.28823355
746.056911344
759.064816677
763.75665027
762.103148465
756.047170311
747.708288559
738.747520129
729.719670803
720.408895517
710.786583927
701.315017868
692.207574596
682.718908772
671.499494325
657.565457364
640.625794908
620.511561962
596.785539263
569.323881597
539.162412123
508.378023069
479.025559165
452.404224538
429.395955427
411.077972309
398.48362234
391.722166702
389.705335796
390.941785209
394.380185834
399.251697243
404.328715663
407.859911146
408.448599859
405.756091037
400.135053299
391.795994248
380.713900705
367.335566887
352.932586469
338.928677896
326.010829075
314.168562812
303.511104896
294.649329904
288.108551631
283.656323982
280.541114489
278.305346684
277.003284421
276.525479082
276.044420931
274.454107638
271.278549631
266.867051753
261.700661624
255.84765993
249.300375332
242.577673334
236.556655978
231.62005597
227.252564765
222.667848166
217.662583053
212.629911853
207.872207328
203.291099074
198.878441832
195.171648871
192.828338867
191.758273417
190.979016938
189.457974757
186.917382118
183.706281891
180.161921105
176.488952108
173.242420299
171.437347588
171.734617232
173.51186473
174.972430829
