Flow Output (mL/min)
Min Radius: 2.9800024 mm
Max Radius: 3.22 mm
-6.49426564016
3.22141303793
0.121620940617
-14.5066020295
-32.3423625722
-39.1611988554
-17.7764746325
48.0053646116
169.128052031
347.610561055
574.701086709
831.878533942
1094.58924364
1337.37417247
1538.71794917
1684.53864587
1769.8723716
1798.50581319
1780.519448
1728.41747616
1653.31609635
1562.63404239
1459.74262227
1345.00121946
1217.3636702
1076.07110758
922.07563516
758.634049943
590.618407422
422.850758241
258.533944667
98.75463692
-56.8324818113
-208.725136735
-356.241861984
-496.357654315
-622.985596076
-727.268636069
-799.234761502
-830.332805085
-815.712367684
-755.359333538
-654.019166751
-520.316674127
-365.331075488
-200.721593293
-36.808660058
118.616698562
260.268773007
384.481264877
488.318972059
569.210600473
624.979257982
653.993339553
655.483495965
630.162050529
580.857147063
512.538148444
431.471760142
343.988948399
255.588292561
170.609740358
92.1805037671
22.20423674
-38.4445399257
-89.3673588887
-130.044987835
-159.732382245
-177.923124134
-184.846816473
-181.475769864
-169.117019936
-149.054566618
-122.446405339
-90.262940774
-53.1303247219
-11.3583800255
34.5347960978
83.0353177277
131.260702263
175.394482977
211.620753399
236.966710901
249.812449287
250.188866529
239.847045698
221.792485739
199.185490806
174.140876467
147.231377598
117.986055242
85.9245454569
51.4740340428
16.4872830347
-15.6538725263
-40.5152168179
-53.909993607
-53.7765292451
-41.6903591302
-22.9946645841
