Flow Output (mL/min)
Min Radius: 1.2 mm
Max Radius: 1.2 mm
45.922680113
44.3376442863
42.5959712937
40.8288846309
39.1989070655
37.8551780562
36.874814345
36.2151867473
35.7070519677
35.1047710998
34.1857911163
32.8729525983
31.3460983796
30.1087005197
29.9780577735
31.9806574305
37.1623192676
46.3557138844
59.9665471323
77.8344777761
99.2033810705
122.810669248
147.080937965
170.383496507
191.292056905
208.781903585
222.321951816
231.854985987
237.689611996
240.342700416
240.375584758
238.265704256
234.344094152
228.80475513
221.763570014
213.329243776
203.654453682
192.952703391
181.481265135
169.499492603
157.219670819
144.774351219
132.221133667
119.588564358
106.945074579
94.4624675706
82.4510093535
71.3551830326
61.708131525
54.0501566079
48.8277347648
46.3007298139
46.4857009845
49.1486677334
53.8419880592
59.9703698118
66.8715480993
73.8987522035
80.4903376467
86.2130564069
90.7751417483
94.0179359661
95.8987676067
96.4711668141
95.8614519927
94.2418323327
91.8054865267
88.7489816404
85.2610073739
81.5126389775
77.6484664788
73.7834353123
70.0081243821
66.3972460336
63.0130029291
59.9012532857
57.086385281
54.5709261228
52.3398567532
50.3667455075
48.6221832122
47.0871502969
45.7686896494
44.707975055
43.9719347784
43.6299065282
43.7259291288
44.2569828021
45.1616362823
46.3209096626
47.5742318304
48.7506121567
49.705928551
50.3501414919
50.6526466563
50.6271169384
50.307020988
49.7230144217
48.8888800866
47.8007557107
