Flow Output (mL/min)
Min Radius: 2.15 mm
Max Radius: 2.15 mm
-83.690729769
-91.4511406339
-98.4193521301
-104.336455268
-109.160197582
-113.053434244
-116.282658025
-119.064579068
-121.42645875
-123.149208274
-123.836449104
-123.104042651
-120.829098729
-117.356108974
-113.54913618
-110.611835338
-109.666390201
-111.169300011
-114.318697617
-116.646773155
-113.973505732
-100.82227406
-71.2805951366
-20.1615413531
55.7794909957
156.860220743
279.973946938
418.731024003
564.243818417
706.406379673
835.40232258
943.12365052
1024.2120631
1076.53308526
1101.03360166
1101.07640966
1081.45385126
1047.33096312
1003.34981535
953.052829201
898.680010433
841.294627607
781.120941916
717.951353836
651.498955763
581.621860437
508.407018521
432.152434462
353.312937169
272.471332404
190.369571928
107.996428026
26.6940895113
-51.7718967601
-125.231396715
-191.246366947
-247.360652115
-291.424038426
-321.927655983
-338.280142922
-340.96388813
-331.534642397
-312.459213167
-286.817271903
-257.917948294
-228.895572361
-202.350051573
-180.086767576
-162.991216883
-151.048766827
-143.494340153
-139.05513815
-136.235656325
-133.590916266
-129.941668937
-124.502471034
-116.915797377
-107.207038835
-95.6906655165
-82.8630662191
-69.3117653588
-55.6565553726
-42.5210045925
-30.5191821472
-20.2373219856
-12.1953176128
-6.78613241007
-4.20681397663
-4.40592166635
-7.07335895854
-11.6881521722
-17.6206677415
-24.2650039062
-31.1631000857
-38.0809092221
-45.0106251281
-52.0975750867
-59.5174205882
-67.3485072564
-75.4875428636
