Flow Output (mL/min)
Min Radius: 2.3600018556 mm
Max Radius: 2.5455555556 mm
-128.740194055
-138.63150933
-147.281123293
-155.570489477
-164.395466737
-174.056596396
-183.877528856
-192.264788926
-197.256718237
-197.400735477
-192.625186365
-184.709125128
-177.040235237
-173.574636987
-177.206057777
-188.015455791
-202.005310175
-210.861495866
-203.028634088
-165.998989967
-89.3174403668
32.4738798888
197.787848188
397.485313925
616.152859155
834.917746384
1035.1167072
1201.88952873
1326.78926654
1408.78230134
1453.46654933
1470.82549803
1472.2123869
1467.41515565
1462.55361475
1459.25159608
1455.11739976
1445.18916327
1423.77153531
1386.06435515
1329.15005287
1252.18951817
1155.96919245
1042.1443274
912.574183364
769.04201399
613.448209217
448.343370021
277.513729009
106.29834996
-58.5876562438
-209.767743166
-340.301398576
-444.866475864
-520.690015161
-567.966505318
-589.660147322
-590.769606924
-577.277885748
-555.072308858
-529.088377216
-502.827925949
-478.270613925
-456.086356949
-435.99917971
-417.15956629
-398.436984704
-378.615209784
-356.527400685
-331.184888093
-301.932082665
-268.61656805
-231.72387551
-192.412795175
-152.40803866
-113.754306843
-78.4882150046
-48.3180070407
-24.3995595626
-7.26032224934
3.13399423383
7.22728947335
5.71725029289
-0.536447139644
-10.5180978305
-23.0105611003
-36.5724153104
-49.6134855752
-60.6044049369
-68.3886773914
-72.5006173295
-73.3608564565
-72.2424570784
-70.9731502994
-71.4381720027
-75.0346822645
-82.2649548316
-92.6207381444
-104.812248267
-117.266221834
