Flow Output (mL/min)
Min Radius: 2.0 mm
Max Radius: 2.0 mm
81.6517131532
76.5998478363
74.8234540913
75.7914482106
77.7548957665
78.2658900827
75.1320225664
67.5361109808
56.9402443375
47.4040290616
45.0918233753
56.9862781862
89.0897282493
144.592560178
222.548978418
317.497063119
420.213428432
519.471411392
604.37295352
666.644473301
702.2867286
712.149852975
701.310592967
677.465108268
648.81694847
622.058326892
600.981124033
586.03611064
574.858978999
563.498975162
547.90785869
525.22001848
494.473288347
456.634684637
414.030839351
369.461999098
325.345995718
283.181045738
243.465944069
206.035933273
170.628164721
137.427290594
107.372275584
82.1113079745
63.6302361212
53.6989357757
53.3365163119
62.4744246585
79.9128494144
103.558627386
130.843178195
159.175443057
186.296932483
210.463840353
230.458717167
245.498232712
255.128148764
259.175710818
257.778863722
251.457905139
241.162541011
228.228386755
214.210825654
200.617505708
188.611309646
178.779871556
171.052538606
164.796431286
159.06115306
152.89215463
145.613554688
136.997350998
127.280307931
117.045780013
107.033519167
97.9572018079
90.3908849154
84.742933371
81.2913536138
80.2287277677
81.6677852944
85.5867883088
91.7343216154
99.5474044531
108.146989619
116.451376422
123.397462824
128.204480338
130.58221304
130.793478343
129.528742069
127.622384958
125.708676671
123.952616004
121.976010855
119.030436895
114.368162636
107.670064247
99.3470221004
90.5611451718
