Flow Output (mL/min)
Min Radius: 1.8800005 mm
Max Radius: 1.93 mm
-28.4813999589
-31.3012698498
-35.6473995631
-41.1644350997
-47.2430204621
-53.242928001
-58.7192150877
-63.560928077
-67.982456859
-72.3655578528
-77.0139287308
-81.9261099472
-86.6960235858
-90.6075944446
-92.9128161667
-93.1987456815
-91.6915839906
-89.3420158481
-87.5944480259
-87.8498062626
-90.7531138158
-95.5297455016
-99.620274606
-98.8054195305
-87.8801352804
-61.7666493216
-16.803442217
48.1372251143
131.033769894
226.812553813
328.178033952
426.990200013
515.845934408
589.460359457
645.500376548
684.67862009
710.124066766
726.242107981
737.403429271
746.822418459
755.900959412
764.154518221
769.658119425
769.807077097
762.122670334
744.859688853
717.273492227
679.538510219
632.429661102
576.943686212
514.031411654
444.543296396
369.389571644
289.82240046
207.695062517
125.559311982
46.5216833929
-26.1314960439
-89.4457085267
-141.301149275
-180.761709703
-208.173280899
-224.992355462
-233.404972729
-235.85015277
-234.575570197
-231.326118806
-227.2119959
-222.743504206
-217.975653202
-212.689342628
-206.548070158
-199.19971455
-190.326513363
-179.668657249
-167.050549877
-152.425379268
-135.932234051
-117.942355138
-99.0663354813
-80.104661739
-61.9450202371
-45.4314627219
-31.242753752
-19.8142287333
-11.3204173516
-5.71205498417
-2.78144026337
-2.22317615066
-3.66615437776
-6.67293958709
-10.7247085159
-15.2226499973
-19.533123877
-23.0841490755
-25.492904165
-26.6804956266
-26.9231983072
-26.8044700514
-27.0657334885
