Flow Output (mL/min)
Min Radius: 3.2877796333 mm
Max Radius: 3.4733333333 mm
-353.489581233
-350.562244528
-341.141844197
-326.525126298
-310.000327191
-296.233322301
-289.873249462
-293.651122393
-306.460035197
-322.009841672
-328.593409891
-310.266273774
-249.372014437
-129.954994755
58.6795320614
319.086015977
644.186607711
1017.57539871
1415.61663251
1810.90591294
2176.33847072
2488.91042181
2732.4970508
2899.14916677
2988.82207618
3007.8047077
2966.3744479
2876.30998688
2748.82340648
2593.25452874
2416.59448554
2223.67423603
2017.72825892
1801.02887964
1575.3588492
1342.21972117
1102.82186804
858.012298563
608.319258126
354.223134042
96.6471141146
-162.44331065
-419.503704728
-669.121258011
-904.120491078
-1116.12395604
-1296.50454981
-1437.55260691
-1533.62391489
-1582.04646309
-1583.62056559
-1542.62209825
-1466.3038745
-1363.9827277
-1245.87954826
-1121.91634923
-1000.65850761
-888.542202127
-789.472579259
-704.822047708
-633.791979948
-574.032090797
-522.367961738
-475.489824274
-430.49563171
-385.231714547
-338.420194431
-289.60681896
-239.003697405
-187.317957929
-135.631528308
-85.341332439
-38.1202501643
4.15578295631
39.5536586345
66.3127896595
83.1354618819
89.474508974
85.7222953076
73.2089638563
53.9733990854
30.3543621839
4.51683505579
-21.9493270858
-48.2431425433
-74.3153971586
-100.591891499
-127.553429912
-155.332594409
-183.489004388
-211.052386149
-236.810187985
-259.718201873
-279.265239844
-295.634274507
-309.568238878
-321.959891992
-333.313125501
-343.311682798
-350.724576846
