Flow Output (mL/min)
Min Radius: 2.15 mm
Max Radius: 2.15 mm
-72.1823171827
-80.0826775121
-87.5939207675
-94.3292859073
-100.047596758
-104.722254378
-108.522477307
-111.708815977
-114.482683504
-116.854864733
-118.598740385
-119.326646905
-118.679409292
-116.565876276
-113.351616165
-109.891095071
-107.333092622
-106.698492872
-108.313506144
-111.252693605
-112.978595647
-109.341929345
-95.0282009728
-64.420995437
-12.7305054114
62.8560576326
162.278195096
282.195854977
416.203244156
555.648000255
690.895765137
812.773832557
913.888565807
989.549175467
1038.13318038
1060.86688766
1061.12949691
1043.48672229
1012.69662939
972.902603177
927.150180786
877.262790012
824.016886678
767.49465516
707.475000331
643.748871612
576.298415855
505.339942513
431.277918054
354.637990857
276.03857415
196.22996859
116.191023559
37.2408035625
-38.8922143828
-110.094042063
-174.007527358
-228.283759999
-270.900130284
-300.48100924
-316.552273686
-319.673313918
-311.415465283
-294.187010353
-270.934527402
-244.772335856
-218.602529021
-194.78671716
-174.918528917
-159.726093143
-149.109982062
-142.298619484
-138.084005622
-135.089207559
-132.017577234
-127.842371837
-121.912392104
-113.970339659
-104.100465412
-92.6355231596
-80.0566046909
-66.9126603693
-53.7722664227
-41.203845163
-29.7681435323
-20.0029313539
-12.3859548089
-7.27562618023
-4.84409727997
-5.02758354076
-7.51903171288
-11.8171990987
-17.3272620153
-23.4881132939
-29.8885493341
-36.3345494203
-42.8441621553
-49.5709244432
-56.6826673823
-64.2400951304
