Flow Output (mL/min)
Min Radius: 3.6588907444 mm
Max Radius: 3.8444444444 mm
-397.726801607
-382.796173548
-375.305410748
-379.925496887
-397.522688436
-422.992284428
-444.379273894
-443.858111063
-400.396686279
-293.464988075
-107.112271831
166.256679507
523.254384305
948.916184394
1418.5116936
1901.27229575
2364.97977461
2780.41790469
3125.02254064
3385.22214248
3557.01108463
3644.64275826
3657.9857764
3609.5314277
3511.86946372
3375.92197604
3209.9152821
3019.11446981
2806.34992326
2573.06595768
2320.32143371
2049.31117317
1761.46619663
1458.48568674
1142.47917157
816.096808425
482.544497266
145.636212252
-189.928787262
-518.194623425
-831.874330774
-1122.78850838
-1382.62693079
-1603.71052637
-1779.67682328
-1906.21405947
-1981.80463795
-2008.15218884
-1990.01179783
-1934.51903891
-1850.35544629
-1746.92490856
-1633.44736397
-1517.93069275
-1406.2907407
-1301.98504143
-1206.2164483
-1118.41646881
-1036.74576438
-958.632500021
-881.450402308
-803.193071639
-722.818107414
-640.144049589
-555.560477542
-469.878446515
-384.343207953
-300.589160799
-220.448391915
-145.785568976
-78.5019322825
-20.5577091185
26.2511025229
60.748655995
82.7341042753
92.9644287545
92.851874489
84.1437105035
68.6706346169
48.0457128278
23.3107728428
-5.20954861382
-37.6146370191
-73.8400620264
-113.199365059
-154.323485958
-195.398266829
-234.47997059
-269.847990009
-300.449410759
-326.286561023
-348.395092318
-368.24393067
-386.849262683
-404.1303672
-418.812157658
-428.817885716
-431.990633762
-427.0650883
-414.719997446
