Flow Output (mL/min)
Min Radius: 5.9 mm
Max Radius: 5.9 mm
-1653.94334575
-1681.71010798
-1694.77451467
-1686.22621999
-1658.14336745
-1622.65716998
-1598.63978435
-1605.55374177
-1655.95012768
-1747.59096296
-1856.97198434
-1937.24188087
-1922.94787494
-1741.3311308
-1327.08636324
-636.576199522
341.61688752
1581.67915538
3022.24626864
4575.14665476
6139.87602401
7620.24990104
8938.63726009
10044.4950186
10916.6443062
11560.5874768
12002.2186073
12278.9583974
12430.1863533
12489.9443224
12484.0031194
12430.5101699
12341.4986024
12223.6081903
12078.6333015
11904.7597558
11697.6470443
11450.0568977
11150.8398445
10785.8492995
10341.8162556
9811.06342005
9194.31729546
8501.38739754
7751.29260959
6972.02506849
6198.13402582
5465.34219468
4804.47452682
4237.75256469
3777.80380385
3427.3509805
3178.6325184
3014.07292203
2909.54317473
2838.86362587
2777.00459468
2701.50260298
2593.86632847
2441.96136207
2241.89821067
1997.57225255
1718.28141486
1416.49250459
1106.67599988
804.143552948
522.936364491
273.644661329
62.7186291932
-106.685129444
-233.851178005
-320.713985495
-372.500453732
-397.559243059
-406.173202354
-409.223279678
-417.28721383
-439.745290791
-483.282315529
-550.156554775
-637.494847578
-738.451171893
-844.668720271
-948.615217614
-1044.89618432
-1130.77688142
-1206.39194077
-1274.34274853
-1338.03320762
-1399.17393449
-1456.228629
-1505.19343849
-1542.05535127
-1564.94550717
-1574.91689457
-1575.91274925
-1574.47189951
-1578.39407435
-1593.59254123
-1620.47372936
