Flow Output (mL/min)
Min Radius: 1.06500235 mm
Max Radius: 1.3 mm
-1.5662175141
-3.77081113417
-5.31140127513
-5.86250920847
-5.38416890162
-4.20315660737
-2.95258600963
-2.36352853618
-2.96634210195
-4.80375434959
-7.26116283758
-9.08647701949
-8.61907257522
-4.1872283662
5.42499741927
20.5786684421
40.5797681173
63.7512811894
87.7643276329
110.137362685
128.768936386
142.364171108
150.643589304
154.282511663
154.61024442
153.173438216
151.303614582
149.810776633
148.869397404
148.099081384
146.789047314
144.180013308
139.706004854
133.121341439
124.491257873
114.083279447
102.229506693
89.2256012487
75.3035312786
60.6812485975
45.662209888
30.733932947
16.6069467174
4.15539814302
-5.73526282265
-12.3638330824
-15.3838221573
-14.8927581495
-11.4131321146
-5.76902319358
1.10780455331
8.38339199792
15.47145315
22.0810831126
28.1591202568
33.7653083298
38.9361389911
43.5864336419
47.4791980859
50.2722921644
51.6247507205
51.3203284906
49.3557377302
45.9574504967
41.5254749931
36.5322999292
31.4150161239
26.4924071741
21.9278630019
17.7460598917
13.8929701255
10.3095189662
6.98361478982
3.96115995094
1.32261285573
-0.852419504607
-2.51203074917
-3.64031033245
-4.24548686558
-4.33306341784
-3.87865971408
-2.82255014011
-1.10096595799
1.29326972456
4.25029319692
7.51620931886
10.717158488
13.4309619087
15.2875750391
16.0696091171
15.7775585553
14.6281672206
12.9769888917
11.1911154686
9.52361918275
8.0404297374
6.62641497631
5.06690092788
3.17542188966
0.92015477289
