Flow Output (mL/min)
Min Radius: 1.67600064 mm
Max Radius: 1.74 mm
-44.8870534792
-48.528356818
-51.7657147429
-54.4471943391
-56.5323604969
-58.0967692333
-59.2858807573
-60.2352158983
-60.9905149223
-61.4662760285
-61.4698028583
-60.7930900903
-59.3444994676
-57.2674890934
-54.9853399606
-53.124913208
-52.3075735907
-52.8423104107
-54.4000918476
-55.7739562059
-54.8249280288
-48.6767661365
-34.1603247217
-8.43721769945
30.3269497799
82.3986590983
146.168773199
218.195577448
293.612813297
366.829747052
432.379631103
485.737822066
523.940476585
545.885839309
552.278065594
545.256863745
527.823098963
503.204727875
474.302891962
443.319643664
411.610397485
379.743709139
347.704891053
315.158718611
281.692065607
246.983664424
210.883979958
173.420907236
134.766965341
95.2066481079
55.1304674524
15.0615426103
-24.3001111899
-62.0436389506
-97.0533053084
-128.073867551
-153.83716263
-173.232354429
-185.487321338
-190.322315274
-188.040711592
-179.533973402
-166.195384843
-149.755307924
-132.065656939
-114.870128343
-99.5982203251
-87.2155056561
-78.151475783
-72.3118440195
-69.1671716341
-67.8967789908
-67.5584799754
-67.2523127907
-66.2505568038
-64.0759554263
-60.5229107395
-55.6292940443
-49.6161568669
-42.8166219809
-35.612833486
-28.3922746422
-21.5248913938
-15.353871712
-10.1886826111
-6.2904654948
-3.84631925071
-2.93755264729
-3.51388897383
-5.38758238729
-8.25704346161
-11.7600185236
-15.5450502897
-19.34135664
-23.0052241002
-26.5270809287
-29.9960575984
-33.5337714639
-37.2207100661
-41.0421701942
