Flow Output (mL/min)
Min Radius: 6.1 mm
Max Radius: 6.1 mm
-2537.64692243
-2523.47392302
-2484.33171224
-2436.98876262
-2403.01564573
-2408.80448987
-2477.66794242
-2611.4911443
-2775.07452482
-2896.86026287
-2884.25114299
-2641.19276712
-2082.14877919
-1147.19599113
179.36658556
1855.94326304
3787.68576543
5847.33951281
7900.68143574
9826.10966097
11528.2647398
12949.5507163
14077.4620153
14940.8270018
15593.4953421
16093.9989641
16491.9657584
16823.9414169
17112.9203718
17366.8001281
17578.0718682
17729.3809902
17803.235529
17787.8318953
17674.391388
17451.333911
17104.1692704
16622.0418463
16003.0354947
15252.8998133
14382.050718
13408.3287995
12363.4220668
11292.8455694
10245.6583353
9262.88122305
8374.66667218
7603.75045634
6964.70518217
6456.85983207
6060.94956026
5746.81411036
5485.00961764
5250.2543645
5016.87424744
4757.96626304
4453.70367193
4099.41084159
3702.90455649
3275.01362345
2825.83964434
2369.53500603
1926.98687986
1518.83862038
1156.07943233
839.831092215
569.422272932
346.857223247
172.138561177
37.6639251489
-69.1491788038
-158.40744283
-235.894396818
-308.683788508
-388.905261473
-488.904949764
-613.237559604
-757.206378995
-912.61290945
-1072.46694891
-1229.76770171
-1375.12380112
-1499.68582106
-1601.58610428
-1687.95625331
-1769.27225307
-1851.83968666
-1935.73872167
-2018.19300267
-2096.3343192
-2166.22057711
-2221.85105335
-2258.72565555
-2279.75840002
-2296.33576567
-2321.55828204
-2361.51361081
-2412.55209033
-2465.21769538
-2508.585367
