Flow Output (mL/min)
Min Radius: 0.83000235 mm
Max Radius: 1.065 mm
2.61868226253
0.394692838076
-1.83610778491
-3.70822594365
-4.86384325085
-5.10897346221
-4.53224938716
-3.52783995574
-2.69112813552
-2.6023866144
-3.56216338664
-5.37007038304
-7.23334990421
-7.85593311552
-5.70550126748
0.600177432191
11.8909239337
28.1461173877
48.3991080845
70.8840511806
93.3914575139
113.736902411
130.216608301
141.929600093
148.884911235
151.874441262
152.161124118
151.08505709
149.706974666
148.584239182
147.722996372
146.693001467
144.846351431
141.55783353
136.40790993
129.259295121
120.224354852
109.563208577
97.5725623584
84.5173279352
70.629979247
56.1704065256
41.5123482198
27.2083514481
13.9896204191
2.68178836548
-5.94602185336
-11.3509645797
-13.347489901
-12.1555553106
-8.34972179306
-2.72367985868
3.88915831355
10.7836946611
17.4881868554
23.778644078
29.6101225511
35.0021802816
39.9272410257
44.2429250202
47.689906014
49.9530911169
50.7612406101
49.9851061531
47.6945211601
44.1527557889
39.7532299534
34.9250820477
30.0412071632
25.3564759701
20.9910205404
16.9579271475
13.2191402347
9.74323000112
6.54050424685
3.66527574692
1.19312315546
-0.808619962506
-2.30028271057
-3.27092625423
-3.72250205889
-3.64682452784
-3.01081420217
-1.76493536409
0.120572671623
2.60388789184
5.52920920105
8.61831962213
11.507347738
13.8219717856
15.269457838
15.7175538683
15.2302868363
14.0420830427
12.4742234765
10.8230059355
9.2633577693
7.80637250047
6.32743382552
4.65410158686
