Flow Output (mL/min)
Min Radius: 2.500003 mm
Max Radius: 2.8 mm
80.5518413545
82.8204742545
79.0231464815
66.9513232635
47.4246962489
25.1599445066
8.52096843985
8.02970627622
34.0471225393
94.2811745223
191.696295017
323.257768853
479.88472522
647.823517218
811.218648677
955.154453373
1068.27318604
1144.36009936
1182.71819674
1187.41495818
1165.60474837
1125.3307415
1073.46384108
1014.44454877
950.10973204
880.380015699
804.347482176
721.390945807
632.077007627
538.604266167
444.576937093
354.152985267
270.967445657
197.335078141
133.982829252
80.2391840532
34.5157403027
-5.00247790371
-39.558327072
-69.179184109
-92.5055076466
-107.175853497
-110.532752481
-100.333363393
-75.3305603304
-35.739181588
16.4690535984
77.6173393328
142.805502217
206.652410234
264.018283262
310.578621539
343.305980315
360.877123554
363.84695097
354.416236548
335.845261387
311.768704021
285.615623233
260.148882383
237.094790728
216.970014527
199.267866089
182.975548418
167.149758735
151.275548013
135.363408528
119.907207047
105.76400507
93.9025587965
85.0354585604
79.3318123216
76.4217707527
75.6719612231
76.4918322561
78.4772361298
81.4142345575
85.258048701
90.0911031912
95.9773849518
102.743614127
109.880675937
116.706894567
122.6836124
127.62176829
131.645414602
135.006314017
137.895797085
140.279642595
141.733609926
141.379932377
138.109984522
131.116131559
120.467652678
107.372683796
93.9718673293
82.770750699
75.895444284
74.3129799633
77.2078649072
