Flow Output (mL/min)
Min Radius: 4.35 mm
Max Radius: 4.35 mm
-896.498556385
-900.081178453
-907.168008254
-917.810087239
-930.072826218
-941.084550176
-947.544252164
-946.334680337
-936.280433256
-920.248491316
-905.328474224
-900.084337473
-910.452196702
-936.590593909
-971.350413372
-999.692358363
-999.161148695
-942.774360869
-804.847448243
-567.813813933
-226.992092415
208.145373401
715.433921976
1263.12341896
1814.64036623
2335.05909199
2797.70152229
3188.18104938
3504.49799073
3754.26713673
3951.11343958
4111.13976406
4249.2596691
4375.74490027
4494.45154119
4603.73590081
4699.10867987
4775.51524089
4828.17573661
4852.72769611
4845.69022022
4804.99413571
4729.64064284
4618.62079221
4470.52200586
4284.73793356
4063.33703443
3811.85665194
3538.60026208
3253.59321036
2968.08176679
2693.93718288
2441.96292749
2219.58744623
2029.64671609
1871.03865254
1740.10472455
1631.27484267
1537.14361022
1449.29467794
1360.16698155
1264.58440629
1159.76118694
1044.4526274
918.787270174
784.951354514
647.313260249
511.118797954
380.801779879
259.475212252
149.552261785
53.0365244896
-29.1863817604
-97.9761041722
-155.32295007
-203.058672649
-242.464370161
-275.132490957
-303.720504926
-331.434181897
-360.849486162
-393.473834683
-430.217729443
-471.596437632
-517.014265938
-564.100656343
-609.361946451
-649.867970985
-684.414658608
-713.312168409
-737.585623802
-758.691177775
-778.593427611
-799.219492287
-821.198697432
-843.136909044
-862.446954452
-877.101839676
-886.731160097
-892.416968819
