Flow Output (mL/min)
Min Radius: 2.9166685222 mm
Max Radius: 3.1022222222 mm
-242.786594397
-256.046555294
-266.525429876
-271.274090883
-268.474728969
-258.65949901
-245.196239672
-233.656422514
-230.044635447
-238.297167464
-257.800695347
-281.807909858
-297.46586985
-287.748155868
-235.009703855
-125.34082322
47.4343698352
279.267719611
555.703239525
854.185389499
1148.35278419
1413.24701932
1630.10434352
1789.51993966
1892.24356045
1947.53553709
1969.67774196
1973.69678671
1971.48904087
1969.31849116
1967.17676203
1959.91380258
1939.55330354
1897.94479425
1828.93454157
1729.51920826
1599.86034801
1442.43323595
1260.83054962
1058.7722542
839.699532142
607.034966039
364.893055818
118.835856326
-123.749432772
-353.926040612
-562.162334642
-739.737266176
-880.199630388
-980.457135064
-1041.1884466
-1066.48422241
-1062.85201463
-1037.88607178
-998.95800814
-952.224112723
-902.105580749
-851.236758032
-800.750517754
-750.71586359
-700.565855092
-649.428279598
-596.354512712
-540.494951319
-481.274306847
-418.584525089
-352.962796565
-285.687055324
-218.722705613
-154.495433532
-95.5292203353
-44.0460558902
-1.64524768894
30.8472968597
53.3354086303
66.2659089937
70.4022507873
66.6674750952
56.1204802371
40.0524573153
20.1152705775
-1.64253522472
-22.9312919317
-41.5853157807
-56.0508415463
-65.8281814816
-71.6803203432
-75.4798598213
-79.6894992462
-86.6146310157
-97.672783133
-112.9444694
-131.185199363
-150.313290397
-168.20319789
-183.482861282
-196.013281106
-206.836682154
-217.58443603
-229.564089579
