Flow Output (mL/min)
Min Radius: 1.9300005 mm
Max Radius: 1.98 mm
-34.1365664095
-38.9803081138
-44.8917116563
-51.1793971526
-57.1934121083
-62.5542137925
-67.2634039518
-71.6457994162
-76.140029769
-81.0214013239
-86.1785582428
-91.055743622
-94.8138340127
-96.674087598
-96.3213939474
-94.1943706452
-91.5028516453
-89.8926434621
-90.8014138156
-94.6773777328
-100.317148571
-104.584414182
-102.685406161
-89.0199023322
-58.4438666474
-7.63051550526
63.8474229917
153.043114308
253.945014711
358.532412086
458.327504642
546.050354667
616.951962335
669.492870226
705.221892221
727.934074913
742.3804188
752.907084643
762.390980536
771.721329015
779.895564426
784.613058886
783.119472238
773.014420367
752.790086416
721.991304056
681.031077137
630.809005394
572.32756573
506.472327516
434.034197867
355.941580611
273.580091345
189.039398103
105.152198634
25.2670076261
-47.2058167273
-109.352655667
-159.258836976
-196.310252793
-221.214037057
-235.74450673
-242.299278902
-243.395890332
-241.239579761
-237.453002151
-232.996757922
-228.249497001
-223.178115528
-217.52172893
-210.93431604
-203.066770026
-193.602520671
-182.278428315
-168.919423405
-153.496189847
-136.19152819
-117.445408502
-97.9490651443
-78.574826377
-60.2531623241
-43.8302101923
-29.9477049634
-18.9786552967
-11.0299051548
-5.9967253599
-3.63637050519
-3.62524025207
-5.57881136465
-9.03797668307
-13.4480910851
-18.1664862394
-22.5246994359
-25.9459969998
-28.0876868895
-28.9555522058
-28.9362723175
-28.7166183726
-29.098709854
-30.7633768892
