Flow Output (mL/min)
Min Radius: 3.1022240778 mm
Max Radius: 3.2877777778 mm
-309.875940928
-313.715214098
-313.391617364
-307.788537776
-296.891146378
-282.316582984
-267.30928026
-256.034004957
-252.218180216
-257.432839761
-269.48093769
-281.420047744
-281.651870677
-255.272522566
-186.54979089
-62.0672462122
126.150160491
378.266455218
685.617497268
1031.34426239
1392.59426416
1743.84403196
2060.64169893
2322.99360189
2517.73865687
2639.52690134
2690.36034781
2677.97166271
2613.53359324
2509.26687237
2376.44259215
2224.09182133
2058.50552107
1883.40414288
1700.5316176
1510.40015526
1312.96527492
1108.11122198
895.936055871
676.906588657
451.981501727
222.773838155
-8.23724604364
-237.498376151
-460.268007372
-670.688554434
-862.103997749
-1027.62541248
-1160.88053847
-1256.82773456
-1312.48802734
-1327.45889223
-1304.11275473
-1247.43761356
-1164.53499309
-1063.84481035
-954.21093599
-843.926424458
-739.89751663
-647.042221861
-567.999681682
-503.176909044
-451.104105166
-409.015921629
-373.537088948
-341.3400199
-309.662923875
-276.621204248
-241.298466134
-203.653560974
-164.315917447
-124.35305866
-85.0768241673
-47.9154448472
-14.3360667136
14.2233363758
36.4530226333
51.3186990886
58.23970388
57.2484537659
49.0644217944
35.026327092
16.8669969367
-3.6264618361
-24.9742219147
-46.2752503644
-67.2989992443
-88.3630981262
-110.034311802
-132.754585526
-156.527763789
-180.787504155
-204.502057682
-226.479161644
-245.751756988
-261.887091308
-275.08423578
-286.002154856
-295.368014175
-303.516616117
