Flow Output (mL/min)
Min Radius: 5.6400008 mm
Max Radius: 5.72 mm
-1510.77150884
-1535.72155485
-1566.63795292
-1594.16982901
-1607.77919475
-1598.95122803
-1566.93688206
-1523.14669704
-1489.13636897
-1487.89202898
-1533.26784853
-1622.17079731
-1730.19075911
-1809.98364895
-1794.22990358
-1606.23949435
-1177.40851671
-465.26439568
534.880930556
1787.03714345
3218.5694461
4729.56621761
6207.77406921
7547.85757984
8669.606591
9528.50832514
10116.4183602
10455.5432449
10589.9613276
10575.9510177
10470.8707413
10322.6212032
10163.8462469
10012.6536748
9876.7254418
9756.1710744
9644.05131973
9527.17973335
9388.8726547
9211.80938812
8978.7157616
8672.09656003
8276.47225791
7783.78118181
7198.23202064
6536.89057322
5826.65792071
5101.04507239
4397.84066665
3755.37677969
3206.07166743
2770.1074495
2453.31228132
2249.408909
2142.93113204
2110.43030022
2121.82833729
2144.59614516
2149.65846823
2115.15965707
2026.62610839
1876.24462523
1663.96228304
1399.05232527
1098.72840661
783.463249576
472.567002122
182.814170579
-71.3019204931
-278.714332074
-434.268361959
-539.478704634
-600.126098131
-623.270341445
-616.850360889
-591.299998983
-559.776694455
-535.56523006
-529.050847631
-546.947789562
-593.064114451
-667.916382881
-766.881497027
-879.774180246
-993.92945632
-1098.86984397
-1188.81672892
-1262.03171951
-1319.37668924
-1364.0354855
-1401.21879813
-1435.85616312
-1469.23437054
-1498.01285018
-1517.13266017
-1523.98664793
-1520.17714942
-1510.38161705
-1500.73058902
-1497.98701641
