Flow Output (mL/min)
Min Radius: 6.550001 mm
Max Radius: 6.65 mm
-2560.58289336
-2513.84277414
-2501.59369627
-2553.5396191
-2686.30464095
-2875.30939667
-3047.20221399
-3102.50689503
-2945.73001865
-2499.32438461
-1706.8112369
-545.553367498
950.956672885
2686.76358503
4529.28797922
6349.4814919
8045.43298714
9543.56217466
10798.5640951
11805.0164368
12604.656222
13268.5875756
13862.6142541
14426.1207578
14978.0841985
15530.6296347
16086.8251605
16628.493862
17118.2105206
17520.2270137
17816.4268371
17998.2105629
18047.8341726
17936.831818
17644.5817741
17172.0565956
16534.1029029
15745.2351142
14822.4472038
13801.6516932
12741.6113805
11704.366627
10732.9787495
9850.45635362
9073.9815575
8418.9035091
7885.05366841
7446.60927165
7063.93766459
6705.55252773
6354.33973177
5994.68820373
5603.68055325
5162.17293155
4671.48392288
4152.08056019
3625.32392716
3102.35428788
2592.72061177
2116.37977007
1698.06424477
1349.18193417
1061.47632128
821.097045395
623.725047581
470.849099277
354.653344567
254.952431979
153.63258917
46.3972104425
-64.6245140003
-186.078044956
-333.370072031
-513.912948568
-716.239451754
-919.898206748
-1112.49492258
-1291.54408788
-1451.92138451
-1580.84148047
-1670.66764268
-1732.30020469
-1788.66641765
-1854.45312281
-1927.07131672
-1998.09434915
-2066.65794951
-2136.02968619
-2201.24423145
-2249.841094
-2278.29699559
-2301.91845814
-2342.44690864
-2407.22823387
-2484.82866591
-2559.17969615
-2620.63213642
-2661.01718591
-2666.69250137
-2628.03796564
