Flow Output (mL/min)
Min Radius: 2.7311129667 mm
Max Radius: 2.9166666667 mm
-193.745785942
-204.846414911
-217.341241564
-229.480854793
-238.538065237
-241.871697824
-238.211412932
-228.642134575
-216.791939376
-207.952280134
-207.224635999
-217.174074528
-235.738166319
-255.17840082
-262.630930864
-242.365061793
-179.322245042
-63.0567781875
109.012431696
330.016203587
584.271010464
850.080594407
1104.03002896
1325.66630075
1501.34717952
1626.28459585
1704.33429194
1745.72650908
1763.49465849
1769.67212961
1772.30726963
1774.01706565
1772.28145494
1761.14618802
1733.62130758
1683.94325565
1609.02742064
1508.79774713
1385.5026625
1242.46340117
1082.84415236
908.950499511
722.301481585
524.38841969
317.755569227
106.911659252
-101.355022634
-298.464924339
-475.255473552
-623.572005959
-737.773866239
-815.720042928
-858.972498439
-872.203128805
-862.023413193
-835.597905225
-799.415930254
-758.490945031
-716.084514428
-673.879500167
-632.413484844
-591.558175673
-550.886558881
-509.870276944
-467.946389323
-424.545523579
-379.166925588
-331.532661141
-281.785275398
-230.646116147
-179.448378088
-130.001071578
-84.3075437217
-44.2230840828
-11.1616934913
14.0600975494
31.214412929
40.5302501001
42.5283375012
37.9151827629
27.5854195324
12.7116024289
-5.16249573445
-24.1328435649
-42.1262911469
-57.2691073475
-68.3366875542
-75.1226619306
-78.5624865907
-80.5160405609
-83.2351525769
-88.6700075847
-97.8498180291
-110.568511446
-125.507861205
-140.769310687
-154.621888152
-166.174089781
-175.689024108
-184.389846591
