Flow Output (mL/min)
Min Radius: 2.0 mm
Max Radius: 2.0 mm
94.5250303715
86.4310880365
81.0800954208
78.9007178446
79.1079615297
79.8521482213
78.8315086403
74.2199164418
65.64417501
54.8799708004
45.9582491462
44.5240794842
56.5425477924
86.69266665
136.914828758
205.541885803
287.289296292
374.160686684
457.077321298
527.812925957
580.696714846
613.612534361
628.055985458
628.306257403
620.007547639
608.582498324
597.916220473
589.655653659
583.267314053
576.737435538
567.590707314
553.843105064
534.596214718
510.148788755
481.667400392
450.589490209
418.014768943
384.341437072
349.294955456
312.315991683
273.118588025
232.17969764
190.975371791
151.878906888
117.739023148
91.2546106286
74.3428128601
67.7133606391
70.7811539896
81.9071394448
98.8408956712
119.203554348
140.880536503
162.243541493
182.174322746
199.929504655
214.951848676
226.750223063
234.911471869
239.213224657
239.74990088
236.993380703
231.751390015
225.02066554
217.759501698
210.642923892
203.896939221
197.292318169
190.303360913
182.354845375
173.052547931
162.325124011
150.452741377
137.988128534
125.59949567
113.897541719
103.327876935
94.1785581829
86.6776863317
81.0973949007
77.7858635435
77.1028445547
79.2844857127
84.285260377
91.6550716496
100.518836245
109.709449566
118.040075102
124.617500738
129.060954584
131.53315797
132.577523492
132.828427598
132.697962733
132.155097937
130.701942041
127.592220213
122.22672546
114.554973107
105.286815887
