Flow Output (mL/min)
Min Radius: 2.0 mm
Max Radius: 2.0 mm
122.704983803
114.099522377
104.510220036
94.7691240294
85.960117015
79.0832916594
74.6705656
72.5037692794
71.5689726503
70.3172557016
67.2068365348
61.3952154886
53.3670733162
45.2646349262
40.7531971549
44.3877795279
60.5999460978
92.5474999217
141.13114291
204.464005263
277.977768458
355.180908813
428.898886955
492.687216913
542.063206071
575.258076555
593.322404317
599.586131669
598.63947759
595.119807359
592.623755496
593.001541406
596.158877564
600.343848666
602.7787847
600.433834361
590.734324015
572.044111659
543.857121349
506.727194425
462.033523373
411.693756522
357.908419637
302.975276795
249.171897552
198.677090029
153.491142304
115.326526549
85.4725872046
64.6714203148
53.0538483883
50.1660747918
55.0836701386
66.58097252
83.310247753
103.944284503
127.247613924
152.067746043
177.273419568
201.693275878
224.107188669
243.313960225
258.262228822
268.205378373
272.83132922
272.321123757
267.306295575
258.726026028
247.622770382
234.939413556
221.376798375
207.342345727
192.987681003
178.310290323
163.282373908
147.966243499
132.582636152
117.519253046
103.293213264
90.4954545344
79.738327034
71.6093636568
66.6220067764
65.1551024177
67.3810709917
73.1910914903
82.1350193746
93.4043112899
105.88861666
118.319043574
129.475649222
138.403263513
144.569086225
147.911960676
148.766227733
147.681066423
145.192367428
141.628756948
137.030458599
131.219811724
