Flow Output (mL/min)
Min Radius: 1.43 mm
Max Radius: 1.43 mm
69.4870015193
67.0699767549
64.5398905919
62.1578539561
60.1523589802
58.6465876776
57.5933393063
56.7536333236
55.7548013743
54.2290184836
51.9899214445
49.1893175116
46.4106618457
44.6739750393
45.3341304087
49.868264962
59.5850709931
75.33061365
97.2748884293
124.830742833
156.711777118
191.109132517
225.955514921
259.227592736
289.216865299
314.701771777
334.993459158
349.878132655
359.502774768
364.24308774
364.579581865
361.006960548
353.998714067
344.024626575
331.586471242
317.229329118
301.512077106
284.95249815
267.970616007
250.843185727
233.678603374
216.430384318
198.965973047
181.181198024
163.119412335
145.050255758
127.487966423
111.153779503
96.890918976
85.5376755731
77.776374249
73.9976646936
74.2221854097
78.0953235427
84.9404269152
93.8488530482
103.79613087
113.775186019
122.922418443
130.603467467
136.44209403
140.303620245
142.254439448
142.506898484
141.349478558
139.072823934
135.91685926
132.057344514
127.62439528
122.729447257
117.48621783
112.027320755
106.517326598
101.150180342
96.1196067268
91.5726194011
87.5743056091
84.1037571847
81.0765195671
78.377154346
75.8944507858
73.5601349315
71.3827791541
69.4558023739
67.9264450672
66.9393537031
66.5851391775
66.873563822
67.7294372495
69.0029969202
70.4952943058
72.0001135825
73.3485199736
74.4308492935
75.1845097416
75.5635625371
75.5174622549
74.9915435133
73.9425401313
72.3602198518
