Flow Output (mL/min)
Min Radius: 1.48400064 mm
Max Radius: 1.548 mm
-22.9138155261
-25.95140848
-29.16090571
-32.5008459108
-35.8540267838
-39.0556299908
-41.9427726036
-44.4056769415
-46.4189458245
-48.0384742866
-49.3632231183
-50.4764433825
-51.3918022734
-52.0311660131
-52.2507097657
-51.9130100281
-50.9811513585
-49.5948790589
-48.085719202
-46.9012301656
-46.4360593352
-46.8017047266
-47.5968528828
-47.7549253177
-45.537816441
-38.7140945554
-24.9128907576
-2.09388252685
30.9659593673
74.2842171116
126.484757011
184.86861518
245.743662792
304.951113135
358.480002938
403.041052875
436.483732226
457.98090569
467.962503578
467.837565936
459.587689884
445.33412131
426.972695821
405.940493402
383.136068145
358.974213762
333.527397999
306.695389771
278.352255505
248.440467175
217.006886559
184.196287756
150.228835322
115.386665047
80.023745703
44.5977885968
9.70922932048
-23.8748982447
-55.2328576279
-83.3472031212
-107.208416743
-125.947006583
-138.968332485
-146.061601294
-147.458816368
-143.829467642
-136.209648503
-125.876971634
-114.192465172
-102.435861453
-91.6607668731
-82.5915563259
-75.5756431657
-70.5946543965
-67.3278021803
-65.2521745511
-63.7593047795
-62.2662280749
-60.3025040798
-57.5616148915
-53.9140720384
-49.3882418977
-44.131094515
-38.3632363813
-32.340351228
-26.3275809086
-20.5865662449
-15.3693597467
-10.9112320908
-7.41626394521
-5.03469126358
-3.83707699182
-3.79481027216
-4.77701408459
-6.56995857551
-8.91767551758
-11.5743350216
-14.3533339752
-17.1575075485
-19.9801699361
