Flow Output (mL/min)
Min Radius: 0.73 mm
Max Radius: 0.73 mm
10.6213433665
9.05524801606
6.64383693692
3.72058199272
0.909691380097
-1.05411322787
-1.6184791235
-0.726898674756
0.97062819604
2.11534162221
0.8891139073
-4.52219170456
-15.3617776928
-31.7892064215
-52.5886760893
-75.2226935059
-96.2622191919
-112.10675354
-119.81111007
-117.796328519
-106.249195081
-87.0944887148
-63.5355155791
-39.2777578479
-17.6450331982
-0.83165750171
10.5099211506
17.2520337849
21.376693751
25.2990519352
31.1276141351
40.067606152
52.1250635417
66.172631595
80.3243991043
92.4794573299
100.862299565
104.413056884
102.94121111
97.0307540814
87.7564178742
76.3222510903
63.7463841546
50.6825180629
37.4066360033
23.9380533118
10.2294567101
-3.64700509155
-17.3792641453
-30.3965862737
-41.9515762083
-51.2652539724
-57.6796338622
-60.7718603352
-60.4099401232
-56.7528422457
-50.2082832009
-41.365004651
-30.91835731
-19.6053789392
-8.15442639453
2.75850125792
12.5566337552
20.8108451012
27.2752642391
31.8951215442
34.7824973662
36.1661748314
36.3261210406
35.5256184751
33.9585773587
31.7301233484
28.8771146528
25.415684295
21.3902803113
16.9027530841
12.114635495
7.22769850451
2.45247059516
-2.02330318339
-6.0520189154
-9.51908027521
-12.3154549249
-14.3106701282
-15.3505241238
-15.2896142781
-14.0483181703
-11.6714574766
-8.36474254005
-4.48987074162
-0.508124802591
3.12059883377
6.05311336542
8.14701395797
9.47526874225
10.262219702
10.7655257971
11.1496518069
11.400320523
11.3188444369
