Flow Output (mL/min)
Min Radius: 1.42000064 mm
Max Radius: 1.484 mm
-17.8994991335
-20.6911703058
-23.5963367859
-26.6665736248
-29.8913019951
-33.181646457
-36.3869348776
-39.3379041477
-41.8997182034
-44.0130770441
-45.705425894
-47.0657733355
-48.1919042983
-49.1319100094
-49.8472564413
-50.2188681453
-50.1017263449
-49.412245951
-48.2139337212
-46.7584150964
-45.4459317694
-44.6919107057
-44.7185794474
-45.3229148768
-45.6931985043
-44.3472638687
-39.2429797624
-28.0697080622
-8.67908417054
20.4311408231
59.6915033631
108.201406725
163.711059262
222.865435771
281.668800692
336.075284476
382.581372522
418.697749897
443.209791238
456.188809818
458.775258469
452.804655639
440.374854705
423.453950778
403.60410221
381.856916986
358.733338975
334.367173786
308.674546781
281.513786082
252.797689834
222.545051551
190.881717349
158.016149087
124.217093543
89.8125379572
55.2142174513
20.956693998
-12.2699777238
-43.6165163463
-72.1150955532
-96.7670392757
-116.665754128
-131.131729278
-139.83122367
-142.852379848
-140.720986389
-134.35044823
-124.933565568
-113.79456812
-102.226483672
-91.340461911
-81.9503297724
-74.508444032
-69.0993519917
-65.487615291
-63.2071422366
-61.6730645254
-60.2947215167
-58.5701472699
-56.1481857058
-52.8526627984
-48.6718938954
-43.7239493352
-38.2117103332
-32.3810025901
-26.4905233772
-20.7956439521
-15.541921285
-10.9605749538
-7.2585518367
-4.59986386783
-3.08090683481
-2.70784391813
-3.38638399311
-4.93205766739
-7.10281935915
-9.64764243988
-12.357883211
-15.1055195406
