Flow Output (mL/min)
Min Radius: 1.05 mm
Max Radius: 1.05 mm
30.6550490411
29.6747798132
28.7323290728
27.7897314014
26.7883269711
25.6804299695
24.463774723
23.2118243315
22.0896859669
21.3456794772
21.2776715496
22.1856344325
24.326937266
27.885781529
32.9603205405
39.5671606758
47.6610163355
57.16190663
67.9754075407
79.991719327
93.0602088509
106.949959533
121.313329952
135.667160075
149.401687358
161.823997873
172.236737298
180.040284313
184.833433968
186.484393517
185.153454329
181.263096051
175.42189136
168.315427532
160.585055245
152.722259082
145.005036403
137.489379407
130.051195653
122.46258421
114.483773685
105.95223388
96.8498089532
87.331448274
77.7099024355
68.4053781295
59.8776160927
52.5562609336
46.7799595909
42.7524195558
40.5232468543
39.9965542102
40.9609358484
43.128189737
46.1706091883
49.7533970678
53.5615550325
57.3184752917
60.7930876244
63.7975643125
66.1830261449
67.8394250869
68.6991617844
68.7400878381
67.986006516
66.5062556294
64.414371979
61.8615285467
59.0207617828
56.0644184844
53.1426514488
50.3691068829
47.8142738805
45.5047697071
43.4292883216
41.5527993416
39.8360095189
38.2519742149
36.7931518314
35.4692896965
34.3013923938
33.3153021338
32.5346932005
31.9737465511
31.6331013785
31.5023033532
31.5663021447
31.8091514188
32.2108380863
32.7400619674
33.3488262105
33.9716298752
34.5285833149
34.9326030487
35.1028046814
34.9834215638
34.5610494025
33.8704376891
32.984598455
31.9935178183
