Flow Output (mL/min)
Min Radius: 0.91 mm
Max Radius: 0.91 mm
-5.64470440843
-6.42844367385
-7.24043737957
-8.04779868722
-8.81214083662
-9.50074190115
-10.0960438179
-10.5993291558
-11.0265878119
-11.3977990403
-11.7239001471
-11.9973148327
-12.1912218985
-12.2697151503
-12.2065111096
-12.0054682063
-11.7136375827
-11.4181698255
-11.2224694042
-11.2036212809
-11.3603794661
-11.5664973038
-11.5457855785
-10.8819387594
-9.06829495217
-5.5921966624
-0.0383897705165
7.81102591181
17.9039507296
29.8918810832
43.1585397124
56.8995610178
70.2372492504
82.3464004776
92.5652129774
100.469779477
105.900153848
108.937790523
109.845055392
108.984742225
106.739549299
103.448295869
99.3687442662
94.6685855781
89.4389081045
83.7201431356
77.5298216963
70.8840381415
63.8089513204
56.3432325008
48.5355739895
40.4423523018
32.1292982177
23.678311745
15.1975303428
6.83055221255
-1.2399177815
-8.7976349123
-15.6088196526
-21.4469048671
-26.1217874122
-29.507888508
-31.565288053
-32.3495022566
-32.0077182789
-30.7619087648
-28.8816441365
-26.6511487904
-24.3359505252
-22.1542925026
-20.2574225223
-18.7211751499
-17.5492284804
-16.6864047808
-16.0387535605
-15.496216232
-14.9536133512
-14.3265264713
-13.5601634321
-12.6311103542
-11.5435036841
-10.322162856
-9.00535584759
-7.63915307175
-6.2740689721
-4.96338784524
-3.76172394356
-2.72230331381
-1.89219684735
-1.30597319593
-0.979446285825
-0.905813624916
-1.05617034817
-1.38515380716
-1.84072321896
-2.37546110508
-2.95596184665
-3.56725704681
-4.21078673007
-4.89666240625
