Flow Output (mL/min)
Min Radius: 3.5900009 mm
Max Radius: 3.68 mm
-141.551627659
-140.960772057
-141.125614974
-144.554187957
-152.418198629
-163.562608289
-175.124005916
-183.942024594
-187.555748165
-184.805945981
-176.742494382
-167.457781093
-163.372011017
-170.421176721
-190.628678505
-220.041743049
-248.514761073
-260.616207823
-237.511562071
-160.522640554
-16.1988903755
199.057960813
477.021309341
798.761125122
1137.72897596
1463.87204772
1748.63298312
1970.28376276
2117.90045713
2192.35536537
2204.34489289
2170.88487245
2111.55213501
2044.88419093
1985.22752786
1940.82285217
1913.79459707
1901.7072638
1899.56590496
1901.37689555
1901.12407398
1893.35774322
1873.47789651
1837.73661981
1783.14812407
1707.58727955
1610.22224121
1492.19569084
1357.25428074
1211.89170703
1064.70505929
925.123562645
802.038606965
702.689089254
631.709960965
590.266778014
575.694736511
582.147356304
602.014489717
627.209094605
649.847803414
662.807359585
660.695259155
640.818416582
603.276969835
550.18517484
484.98259208
412.35660633
338.085916202
268.027139891
206.726717249
156.852251574
119.658598576
95.4562200803
83.3861226657
81.1575150761
85.6409241141
93.9379110172
103.743146283
112.772886298
118.354615414
117.986775254
110.243455184
94.9651969051
72.8007182279
45.0407414861
13.9846826629
-17.0420560506
-44.6544452549
-66.6932792215
-82.7090400394
-93.5068883604
-100.554446673
-105.712364192
-110.89485609
-117.318124718
-124.827831139
-132.063143206
-137.441246005
-140.166005593
