Flow Output (mL/min)
Min Radius: 1.36 mm
Max Radius: 1.36 mm
11.9825670165
8.47066998796
5.01804820072
2.86889473768
3.52128863898
8.53881212141
19.2017788899
36.0346405662
58.5001276249
85.1040073956
113.827339219
142.594038182
169.612922871
193.656428289
214.312495605
232.038768714
247.828838414
262.587625683
276.577184623
289.206942673
299.132539447
304.491237884
303.244998778
293.714921295
275.226321887
248.539829263
215.788829449
179.981147349
144.368289188
111.891688766
84.6974110541
63.7120221387
48.4615519604
37.3423939187
28.2769942365
19.4084705311
9.54090939461
-1.68015839731
-13.7131284641
-25.1953033058
-34.2779726435
-39.2045751335
-38.8552934035
-32.9733845913
-22.0718718259
-7.24198935875
10.0065619467
27.958379925
45.0374009068
60.1422985393
72.7361979296
82.6632166122
89.9184758565
94.5673918243
96.7581578577
96.6606032248
94.3359931732
89.7206790924
82.8074314226
73.8556616954
63.4124407755
52.1559284886
40.7651576921
29.9185038423
20.2941614972
12.4324910324
6.54376490582
2.47561165498
-0.110210541943
-1.54164189944
-2.09578634469
-2.05201741565
-1.66106373506
-1.01668804216
-0.00911337671926
1.533334409
3.65318337585
6.23218076558
9.11978581062
12.2269270434
15.4746504745
18.7161091466
21.7863230693
24.6278968503
27.3004274314
29.8232669644
32.0333847232
33.6340400437
34.3715950975
34.1377094394
32.9348017523
30.8432087507
28.0919098153
25.1207149856
22.4592780631
20.4547588604
19.0834888481
18.0039104309
16.7569384119
14.9323836078
