Flow Output (mL/min)
Min Radius: 1.9300005 mm
Max Radius: 1.98 mm
-42.8571355318
-49.1386404447
-55.7418175717
-62.4368298596
-68.8972566705
-74.7962448546
-79.9084446847
-84.1750972487
-87.7022451748
-90.6882526088
-93.3072450048
-95.5976590947
-97.4095785344
-98.4466719493
-98.4024190377
-97.147696771
-94.8936263596
-92.2443969622
-90.077161813
-89.2370461305
-90.1010833239
-92.1246976503
-93.5167626613
-91.1795215517
-80.9952488077
-58.4541401876
-19.5207823862
38.4420847818
115.909255928
210.783927424
318.464708795
432.399709167
545.022489474
648.873800292
737.671808548
807.11226052
855.252177751
882.435125513
890.823729164
883.687541456
864.631981599
836.941148362
803.152663229
764.905952094
723.030287485
677.786005802
629.153120631
577.076173405
521.612563374
462.977912077
401.520188257
337.673182263
271.936143294
204.9045786
137.347425415
70.2996323948
5.12577197351
-56.486359678
-112.62499896
-161.342823689
-200.904491795
-230.044953071
-248.184542686
-255.55464681
-253.206032053
-242.895590442
-226.870548687
-207.587319573
-187.412135455
-168.351424232
-151.85232716
-138.699794183
-129.019029074
-122.37375228
-117.934921614
-114.684019812
-111.611818327
-107.878355381
-102.911670002
-96.4387864466
-88.4584771251
-79.1771900809
-68.9340654299
-58.1372559265
-47.2235465092
-36.6404694806
-26.8395590457
-18.2650667905
-11.3259904277
-6.34918665314
-3.52351570059
-2.85410537824
-4.14753671293
-7.04141615252
-11.0774264596
-15.8006664496
-20.856309028
-26.0525406136
-31.3682133152
-36.9020526212
