Flow Output (mL/min)
Min Radius: 2.0 mm
Max Radius: 2.0 mm
2.36400885065
0.609147221776
-0.830941399574
-1.94918161464
-2.86616661787
-3.94730533405
-5.60040291902
-7.90385322564
-10.4825243175
-12.7761781062
-14.3901879091
-15.1931533396
-15.2340111838
-14.7794612391
-14.4793973197
-15.2965790559
-17.9850690064
-22.43419489
-27.3964199147
-30.708980669
-29.6675563248
-21.3162877887
-2.84636692627
27.671900155
70.4819233422
123.829655775
184.361165187
247.848053139
309.79330577
365.928246594
412.853983516
448.736302505
473.578336538
488.817759311
496.596193523
499.235417837
499.01363408
497.925547922
497.294132963
497.540590348
498.402974713
499.402175568
500.082293552
499.892307736
498.049669629
493.686189834
486.125706093
474.953634759
459.868025801
440.644445875
417.390678693
390.831209615
362.266602803
333.231815154
305.202531763
279.540446811
257.48606181
239.954866827
227.23175062
218.890016442
214.042628477
211.658326516
210.65654682
209.847332899
208.008041421
204.175936831
197.892172862
189.150674118
178.168066246
165.29090739
151.111041325
136.518151687
122.475416336
109.691437376
98.5295248547
89.1922559176
81.8652738836
76.6026867583
73.1453332904
70.9868630667
69.652358763
68.8370016492
68.2426805906
67.3876879892
65.7142008906
62.8964889045
58.963657482
54.1122928743
48.513404786
42.3865945463
36.1738328445
30.4558476317
25.6117193003
21.6133659674
18.1957834689
15.1592492798
12.4307555471
9.90378765551
7.39765767536
4.85993398207
