0.0	0
1.0	0.154033694009
1.005	0.156873703187
1.01	0.159604154598
1.015	0.162131299249
1.02	0.164260509468
1.025	0.165955414995
1.03	0.167421660151
1.035	0.168876427199
1.04	0.17029505168
1.045	0.171495382329
1.05	0.172470124735
1.055	0.173499790863
1.06	0.17485093254
1.065	0.176462364333
1.07	0.1780819067
1.075	0.179685288926
1.08	0.181570917358
1.085	0.183962555429
1.09	0.186680239863
1.095	0.189377525189
1.1	0.192025031354
1.105	0.194932378243
1.11	0.198255994713
1.115	0.201708473377
1.12	0.204914035045
1.125	0.207905398574
1.13	0.211029082544
1.135	0.214386312946
1.14	0.217629998976
1.145	0.22042452955
1.15	0.222896256443
1.155	0.225408556509
1.16	0.227988568407
1.165	0.230247163845
1.17	0.231906830378
1.175	0.233159207185
1.18	0.234331584271
1.185	0.235359518779
1.19	0.235837292679
1.195	0.235561276492
1.2	0.234768938736
1.205	0.233740735403
1.21	0.23236249041
1.215	0.230279683979
1.22	0.227399758369
1.225	0.224012721899
1.23	0.220380162647
1.235	0.216403343156
1.24	0.211831626427
1.245	0.206683168344
1.25	0.201275654472
1.255	0.195850730178
1.26	0.190337384098
1.265	0.184562964836
1.27	0.178583952738
1.275	0.172677688384
1.28	0.167035036827
1.285	0.161587141125
1.29	0.156179529004
1.295	0.150833966323
1.3	0.145752800951
1.305	0.141083041029
1.31	0.136759475809
1.315	0.132621733126
1.32	0.1286455865
1.325	0.124993164856
1.33	0.121820801911
1.335	0.119091444099
1.34	0.116639601562
1.345	0.114416055932
1.35	0.112591483783
1.355	0.111363351264
1.36	0.110709597434
1.365	0.110432914352
1.37	0.110457950512
1.375	0.110972629104
1.38	0.112190742516
1.385	0.114048386785
1.39	0.116274529404
1.395	0.118760829847
1.4	0.121704887721
1.405	0.125297623269
1.41	0.129389023491
1.415	0.133628758288
1.42	0.137900977123
1.425	0.1424236367
1.43	0.147350409346
1.435	0.152447048673
1.44	0.157327472127
1.445	0.16192047059
1.45	0.166484354129
1.455	0.171137977745
1.46	0.175592191979
1.465	0.17948263594
1.47	0.182822719828
1.475	0.185912761303
1.48	0.188836612374
1.485	0.191283415345
1.49	0.192954889829
1.495	0.193960511553
1.5	0.19462541442
1.505	0.194998181204
1.51	0.194777140897
1.515	0.19375280465
1.52	0.1921154192
1.525	0.190188857835
1.53	0.187990447905
1.535	0.185251739312
1.54	0.181851931543
1.545	0.17803017335
1.55	0.174086145401
1.555	0.170016096964
1.56	0.165598107382
1.565	0.160781157781
1.57	0.155817923509
1.575	0.150973405493
1.58	0.146238499507
1.585	0.141439942747
1.59	0.136567978617
1.595	0.131861563972
1.6	0.127553606044
1.605	0.123641071959
1.61	0.119982433234
1.615	0.11656901258
1.62	0.113600236359
1.625	0.111274694066
1.63	0.109583592273
1.635	0.108374462366
1.64	0.107591574817
1.645	0.107373150695
1.65	0.107877223196
1.655	0.109064913056
1.66	0.110730773201
1.665	0.112747799147
1.67	0.115201954594
1.675	0.118225479662
1.68	0.121745831224
1.685	0.125501341238
1.69	0.129321834002
1.695	0.133292790141
1.7	0.137560545142
1.705	0.14203839542
1.71	0.14643658115
1.715	0.150594569221
1.72	0.154648480096
1.725	0.158778734789
1.73	0.162885757691
1.735	0.166666788171
1.74	0.16999904589
1.745	0.173077417693
1.75	0.176093189082
1.755	0.178909605254
1.76	0.181211183903
1.765	0.182920443578
1.77	0.184276431134
1.775	0.185453412153
1.78	0.186272183708
1.785	0.186429549375
1.79	0.185917053649
1.795	0.185020299814
1.8	0.183900286668
1.805	0.182367805009
1.81	0.180178751323
1.815	0.17741851323
1.82	0.174418021236
1.825	0.171328672617
1.83	0.167973208685
1.835	0.164179220802
1.84	0.160103367586
1.845	0.156080772531
1.85	0.152226461699
1.855	0.148361289069
1.86	0.144353217872
1.865	0.140373926965
1.87	0.136712291375
1.875	0.133425846624
1.88	0.130324667593
1.885	0.127293690281
1.89	0.124490000374
1.895	0.122150735645
1.9	0.120298004341
1.905	0.118750824034
1.91	0.117410861105
1.915	0.11641933105
1.92	0.115979977342
1.925	0.116103039122
1.93	0.116616117238
1.935	0.117413631523
1.94	0.11860035286
1.945	0.120339145872
1.95	0.122612357305
1.955	0.125216474943
1.96	0.127994434287
1.965	0.130992225308
1.97	0.134327427263
1.975	0.137945652322
1.98	0.141599425834
1.985	0.145089532768
1.99	0.148446562445
1.995	0.151799559213
2.0	0.154033694009
2.005	0.156873703187
2.01	0.159604154598
2.015	0.162131299249
2.02	0.164260509468
2.025	0.165955414995
2.03	0.167421660151
2.035	0.168876427199
2.04	0.17029505168
2.045	0.171495382329
2.05	0.172470124735
2.055	0.173499790863
2.06	0.17485093254
2.065	0.176462364333
2.07	0.1780819067
2.075	0.179685288926
2.08	0.181570917358
2.085	0.183962555429
2.09	0.186680239863
2.095	0.189377525189
2.1	0.192025031354
2.105	0.194932378243
2.11	0.198255994713
2.115	0.201708473377
2.12	0.204914035045
2.125	0.207905398574
2.13	0.211029082544
2.135	0.214386312946
2.14	0.217629998976
2.145	0.22042452955
2.15	0.222896256443
2.155	0.225408556509
2.16	0.227988568407
2.165	0.230247163845
2.17	0.231906830378
2.175	0.233159207185
2.18	0.234331584271
2.185	0.235359518779
2.19	0.235837292679
2.195	0.235561276492
2.2	0.234768938736
2.205	0.233740735403
2.21	0.23236249041
2.215	0.230279683979
2.22	0.227399758369
2.225	0.224012721899
2.23	0.220380162647
2.235	0.216403343156
2.24	0.211831626427
2.245	0.206683168344
2.25	0.201275654472
2.255	0.195850730178
2.26	0.190337384098
2.265	0.184562964836
2.27	0.178583952738
2.275	0.172677688384
2.28	0.167035036827
2.285	0.161587141125
2.29	0.156179529004
2.295	0.150833966323
2.3	0.145752800951
2.305	0.141083041029
2.31	0.136759475809
2.315	0.132621733126
2.32	0.1286455865
2.325	0.124993164856
2.33	0.121820801911
2.335	0.119091444099
2.34	0.116639601562
2.345	0.114416055932
2.35	0.112591483783
2.355	0.111363351264
2.36	0.110709597434
2.365	0.110432914352
2.37	0.110457950512
2.375	0.110972629104
2.38	0.112190742516
2.385	0.114048386785
2.39	0.116274529404
2.395	0.118760829847
2.4	0.121704887721
2.405	0.125297623269
2.41	0.129389023491
2.415	0.133628758288
2.42	0.137900977123
2.425	0.1424236367
2.43	0.147350409346
2.435	0.152447048673
2.44	0.157327472127
2.445	0.16192047059
2.45	0.166484354129
2.455	0.171137977745
2.46	0.175592191979
2.465	0.17948263594
2.47	0.182822719828
2.475	0.185912761303
2.48	0.188836612374
2.485	0.191283415345
2.49	0.192954889829
2.495	0.193960511553
2.5	0.19462541442
2.505	0.194998181204
2.51	0.194777140897
2.515	0.19375280465
2.52	0.1921154192
2.525	0.190188857835
2.53	0.187990447905
2.535	0.185251739312
2.54	0.181851931543
2.545	0.17803017335
2.55	0.174086145401
2.555	0.170016096964
2.56	0.165598107382
2.565	0.160781157781
2.57	0.155817923509
2.575	0.150973405493
2.58	0.146238499507
2.585	0.141439942747
2.59	0.136567978617
2.595	0.131861563972
2.6	0.127553606044
2.605	0.123641071959
2.61	0.119982433234
2.615	0.11656901258
2.62	0.113600236359
2.625	0.111274694066
2.63	0.109583592273
2.635	0.108374462366
2.64	0.107591574817
2.645	0.107373150695
2.65	0.107877223196
2.655	0.109064913056
2.66	0.110730773201
2.665	0.112747799147
2.67	0.115201954594
2.675	0.118225479662
2.68	0.121745831224
2.685	0.125501341238
2.69	0.129321834002
2.695	0.133292790141
2.7	0.137560545142
2.705	0.14203839542
2.71	0.14643658115
2.715	0.150594569221
2.72	0.154648480096
2.725	0.158778734789
2.73	0.162885757691
2.735	0.166666788171
2.74	0.16999904589
2.745	0.173077417693
2.75	0.176093189082
2.755	0.178909605254
2.76	0.181211183903
2.765	0.182920443578
2.77	0.184276431134
2.775	0.185453412153
2.78	0.186272183708
2.785	0.186429549375
2.79	0.185917053649
2.795	0.185020299814
2.8	0.183900286668
2.805	0.182367805009
2.81	0.180178751323
2.815	0.17741851323
2.82	0.174418021236
2.825	0.171328672617
2.83	0.167973208685
2.835	0.164179220802
2.84	0.160103367586
2.845	0.156080772531
2.85	0.152226461699
2.855	0.148361289069
2.86	0.144353217872
2.865	0.140373926965
2.87	0.136712291375
2.875	0.133425846624
2.88	0.130324667593
2.885	0.127293690281
2.89	0.124490000374
2.895	0.122150735645
2.9	0.120298004341
2.905	0.118750824034
2.91	0.117410861105
2.915	0.11641933105
2.92	0.115979977342
2.925	0.116103039122
2.93	0.116616117238
2.935	0.117413631523
2.94	0.11860035286
2.945	0.120339145872
2.95	0.122612357305
2.955	0.125216474943
2.96	0.127994434287
2.965	0.130992225308
2.97	0.134327427263
2.975	0.137945652322
2.98	0.141599425834
2.985	0.145089532768
2.99	0.148446562445
2.995	0.151799559213
3.0	0.154033694009
3.005	0.156873703187
3.01	0.159604154598
3.015	0.162131299249
3.02	0.164260509468
3.025	0.165955414995
3.03	0.167421660151
3.035	0.168876427199
3.04	0.17029505168
3.045	0.171495382329
3.05	0.172470124735
3.055	0.173499790863
3.06	0.17485093254
3.065	0.176462364333
3.07	0.1780819067
3.075	0.179685288926
3.08	0.181570917358
3.085	0.183962555429
3.09	0.186680239863
3.095	0.189377525189
3.1	0.192025031354
3.105	0.194932378243
3.11	0.198255994713
3.115	0.201708473377
3.12	0.204914035045
3.125	0.207905398574
3.13	0.211029082544
3.135	0.214386312946
3.14	0.217629998976
3.145	0.22042452955
3.15	0.222896256443
3.155	0.225408556509
3.16	0.227988568407
3.165	0.230247163845
3.17	0.231906830378
3.175	0.233159207185
3.18	0.234331584271
3.185	0.235359518779
3.19	0.235837292679
3.195	0.235561276492
3.2	0.234768938736
3.205	0.233740735403
3.21	0.23236249041
3.215	0.230279683979
3.22	0.227399758369
3.225	0.224012721899
3.23	0.220380162647
3.235	0.216403343156
3.24	0.211831626427
3.245	0.206683168344
3.25	0.201275654472
3.255	0.195850730178
3.26	0.190337384098
3.265	0.184562964836
3.27	0.178583952738
3.275	0.172677688384
3.28	0.167035036827
3.285	0.161587141125
3.29	0.156179529004
3.295	0.150833966323
3.3	0.145752800951
3.305	0.141083041029
3.31	0.136759475809
3.315	0.132621733126
3.32	0.1286455865
3.325	0.124993164856
3.33	0.121820801911
3.335	0.119091444099
3.34	0.116639601562
3.345	0.114416055932
3.35	0.112591483783
3.355	0.111363351264
3.36	0.110709597434
3.365	0.110432914352
3.37	0.110457950512
3.375	0.110972629104
3.38	0.112190742516
3.385	0.114048386785
3.39	0.116274529404
3.395	0.118760829847
3.4	0.121704887721
3.405	0.125297623269
3.41	0.129389023491
3.415	0.133628758288
3.42	0.137900977123
3.425	0.1424236367
3.43	0.147350409346
3.435	0.152447048673
3.44	0.157327472127
3.445	0.16192047059
3.45	0.166484354129
3.455	0.171137977745
3.46	0.175592191979
3.465	0.17948263594
3.47	0.182822719828
3.475	0.185912761303
3.48	0.188836612374
3.485	0.191283415345
3.49	0.192954889829
3.495	0.193960511553
3.5	0.19462541442
3.505	0.194998181204
3.51	0.194777140897
3.515	0.19375280465
3.52	0.1921154192
3.525	0.190188857835
3.53	0.187990447905
3.535	0.185251739312
3.54	0.181851931543
3.545	0.17803017335
3.55	0.174086145401
3.555	0.170016096964
3.56	0.165598107382
3.565	0.160781157781
3.57	0.155817923509
3.575	0.150973405493
3.58	0.146238499507
3.585	0.141439942747
3.59	0.136567978617
3.595	0.131861563972
3.6	0.127553606044
3.605	0.123641071959
3.61	0.119982433234
3.615	0.11656901258
3.62	0.113600236359
3.625	0.111274694066
3.63	0.109583592273
3.635	0.108374462366
3.64	0.107591574817
3.645	0.107373150695
3.65	0.107877223196
3.655	0.109064913056
3.66	0.110730773201
3.665	0.112747799147
3.67	0.115201954594
3.675	0.118225479662
3.68	0.121745831224
3.685	0.125501341238
3.69	0.129321834002
3.695	0.133292790141
3.7	0.137560545142
3.705	0.14203839542
3.71	0.14643658115
3.715	0.150594569221
3.72	0.154648480096
3.725	0.158778734789
3.73	0.162885757691
3.735	0.166666788171
3.74	0.16999904589
3.745	0.173077417693
3.75	0.176093189082
3.755	0.178909605254
3.76	0.181211183903
3.765	0.182920443578
3.77	0.184276431134
3.775	0.185453412153
3.78	0.186272183708
3.785	0.186429549375
3.79	0.185917053649
3.795	0.185020299814
3.8	0.183900286668
3.805	0.182367805009
3.81	0.180178751323
3.815	0.17741851323
3.82	0.174418021236
3.825	0.171328672617
3.83	0.167973208685
3.835	0.164179220802
3.84	0.160103367586
3.845	0.156080772531
3.85	0.152226461699
3.855	0.148361289069
3.86	0.144353217872
3.865	0.140373926965
3.87	0.136712291375
3.875	0.133425846624
3.88	0.130324667593
3.885	0.127293690281
3.89	0.124490000374
3.895	0.122150735645
3.9	0.120298004341
3.905	0.118750824034
3.91	0.117410861105
3.915	0.11641933105
3.92	0.115979977342
3.925	0.116103039122
3.93	0.116616117238
3.935	0.117413631523
3.94	0.11860035286
3.945	0.120339145872
3.95	0.122612357305
3.955	0.125216474943
3.96	0.127994434287
3.965	0.130992225308
3.97	0.134327427263
3.975	0.137945652322
3.98	0.141599425834
3.985	0.145089532768
3.99	0.148446562445
3.995	0.151799559213
4.0	0